awake 1820 3 173 0.0173410404624277
awake 1830 4 198 0.0202020202020202
awake 1840 16 293 0.0546075085324232
awake 1850 9 319 0.0282131661442006
awake 1860 16 292 0.0547945205479452
awake 1870 4 329 0.0121580547112462
awake 1880 7 327 0.0214067278287462
awake 1890 4 353 0.0113314447592068
awake 1900 5 295 0.0169491525423729
awake 1910 1 380 0.00263157894736842
awake 1920 1 286 0.0034965034965035
awake 1930 1 225 0.00444444444444444
awake 1940 3 187 0.0160427807486631
awake 1950 1 207 0.00483091787439614
awake 1960 1 192 0.00520833333333333
awake 1970 1 172 0.00581395348837209
awake 1980 1 215 0.00465116279069767
awake 1990 1 279 0.003584229390681
awake 2000 1 196 0.00510204081632653
build 1810 1 13 0.0769230769230769
build 1820 1 61 0.0163934426229508
build 1830 4 135 0.0296296296296296
build 1840 8 229 0.0349344978165939
build 1850 12 231 0.051948051948052
build 1860 21 272 0.0772058823529412
build 1870 15 329 0.0455927051671733
build 1880 24 339 0.0707964601769911
build 1890 31 430 0.072093023255814
build 1900 14 474 0.029535864978903
build 1910 14 433 0.0323325635103926
build 1920 7 568 0.0123239436619718
build 1930 9 712 0.0126404494382022
build 1940 3 724 0.00414364640883978
build 1950 1 768 0.00130208333333333
build 1960 1 579 0.00172711571675302
build 1970 1 565 0.00176991150442478
build 1980 1 617 0.00162074554294976
build 1990 1 884 0.00113122171945701
build 2000 1 746 0.00134048257372654
burn 1810 4 11 0.363636363636364
burn 1820 32 53 0.60377358490566
burn 1830 94 112 0.839285714285714
burn 1840 134 150 0.893333333333333
burn 1850 200 221 0.904977375565611
burn 1860 223 250 0.892
burn 1870 249 273 0.912087912087912
burn 1880 253 274 0.923357664233577
burn 1890 334 350 0.954285714285714
burn 1900 308 327 0.941896024464832
burn 1910 337 359 0.938718662952646
burn 1920 322 329 0.978723404255319
burn 1930 432 455 0.949450549450549
burn 1940 432 449 0.962138084632517
burn 1950 408 423 0.964539007092199
burn 1960 367 381 0.963254593175853
burn 1970 313 323 0.969040247678019
burn 1980 395 402 0.982587064676617
burn 1990 507 519 0.976878612716763
burn 2000 426 436 0.977064220183486
catch 1810 1 38 0.0263157894736842
catch 1820 3 313 0.00958466453674121
catch 1830 18 601 0.0299500831946755
catch 1840 5 627 0.00797448165869218
catch 1850 2 754 0.0026525198938992
catch 1860 7 854 0.00819672131147541
catch 1870 2 1107 0.001806684733514
catch 1880 5 1023 0.00488758553274682
catch 1890 7 1538 0.00455136540962289
catch 1900 2 1845 0.0010840108401084
catch 1910 2 2258 0.000885739592559787
catch 1920 2 1751 0.00114220445459737
catch 1930 1 1718 0.000582072176949942
catch 1940 7 1654 0.00423216444981862
catch 1950 1 1677 0.000596302921884317
catch 1960 5 1254 0.00398724082934609
catch 1970 1 1275 0.000784313725490196
catch 1980 2 1500 0.00133333333333333
catch 1990 1 1864 0.000536480686695279
catch 2000 2 1878 0.00106496272630458
dive 1830 8 11 0.727272727272727
dive 1840 11 16 0.6875
dive 1850 17 24 0.708333333333333
dive 1860 18 20 0.9
dive 1870 16 21 0.761904761904762
dive 1880 19 21 0.904761904761905
dive 1890 24 29 0.827586206896552
dive 1900 40 52 0.769230769230769
dive 1910 60 72 0.833333333333333
dive 1920 49 55 0.890909090909091
dive 1930 73 93 0.78494623655914
dive 1940 81 112 0.723214285714286
dive 1950 59 77 0.766233766233766
dive 1960 37 69 0.536231884057971
dive 1970 49 78 0.628205128205128
dive 1980 50 98 0.510204081632653
dive 1990 43 99 0.434343434343434
dive 2000 35 89 0.393258426966292
draw 1810 1 74 0.0135135135135135
draw 1820 1 608 0.00164473684210526
draw 1830 6 1201 0.00499583680266445
draw 1840 8 1549 0.00516462233699161
draw 1850 1 1890 0.000529100529100529
draw 1860 14 1760 0.00795454545454545
draw 1870 10 2265 0.00441501103752759
draw 1880 24 1932 0.0124223602484472
draw 1890 14 2617 0.00534963698891861
draw 1900 15 2699 0.00555761393108559
draw 1910 14 2985 0.00469011725293132
draw 1920 6 2124 0.00282485875706215
draw 1930 2 2262 0.000884173297966401
draw 1940 2 2031 0.000984736582964057
draw 1950 11 1870 0.00588235294117647
draw 1960 4 1358 0.00294550810014728
draw 1970 2 1394 0.00143472022955524
draw 1980 1 1472 0.000679347826086957
draw 1990 1 1658 0.00060313630880579
draw 2000 2 1464 0.00136612021857923
dream 1810 4 12 0.333333333333333
dream 1820 26 52 0.5
dream 1830 105 128 0.8203125
dream 1840 153 173 0.884393063583815
dream 1850 223 238 0.936974789915966
dream 1860 185 198 0.934343434343434
dream 1870 231 260 0.888461538461538
dream 1880 277 293 0.945392491467577
dream 1890 254 282 0.900709219858156
dream 1900 252 282 0.893617021276596
dream 1910 276 299 0.923076923076923
dream 1920 225 239 0.941422594142259
dream 1930 198 215 0.92093023255814
dream 1940 175 191 0.916230366492147
dream 1950 214 231 0.926406926406926
dream 1960 189 209 0.904306220095694
dream 1970 235 292 0.804794520547945
dream 1980 245 278 0.881294964028777
dream 1990 326 374 0.871657754010695
dream 2000 261 284 0.919014084507042
dwell 1810 1 10 0.1
dwell 1820 1 61 0.0163934426229508
dwell 1830 1 118 0.00847457627118644
dwell 1840 2 184 0.0108695652173913
dwell 1850 2 143 0.013986013986014
dwell 1860 1 95 0.0105263157894737
dwell 1870 1 120 0.00833333333333333
dwell 1880 2 147 0.0136054421768707
dwell 1890 3 150 0.02
dwell 1900 1 98 0.0102040816326531
dwell 1910 3 101 0.0297029702970297
dwell 1920 1 77 0.012987012987013
dwell 1930 6 65 0.0923076923076923
dwell 1940 4 44 0.0909090909090909
dwell 1950 13 38 0.342105263157895
dwell 1960 10 33 0.303030303030303
dwell 1970 14 39 0.358974358974359
dwell 1980 17 43 0.395348837209302
dwell 1990 13 25 0.52
dwell 2000 21 30 0.7
grow 1810 1 66 0.0151515151515152
grow 1820 1 553 0.00180831826401447
grow 1830 4 1168 0.00342465753424658
grow 1840 1 1492 0.000670241286863271
grow 1850 6 1884 0.00318471337579618
grow 1860 15 1943 0.00772002058672156
grow 1870 11 2191 0.00502053856686445
grow 1880 10 2124 0.00470809792843691
grow 1890 11 2608 0.00421779141104294
grow 1900 14 2460 0.00569105691056911
grow 1910 14 2703 0.00517943026267111
grow 1920 10 2030 0.00492610837438424
grow 1930 13 2228 0.00583482944344704
grow 1940 8 1998 0.004004004004004
grow 1950 5 1786 0.00279955207166853
grow 1960 4 1459 0.00274160383824537
grow 1970 7 1624 0.00431034482758621
grow 1980 6 2004 0.0029940119760479
grow 1990 2 2636 0.000758725341426404
grow 2000 3 2487 0.00120627261761158
hang 1810 2 30 0.0666666666666667
hang 1820 1 204 0.00490196078431373
hang 1830 9 571 0.0157618213660245
hang 1840 1 664 0.00150602409638554
hang 1850 2 686 0.00291545189504373
hang 1860 3 565 0.00530973451327434
hang 1870 4 640 0.00625
hang 1880 10 659 0.0151745068285281
hang 1890 16 770 0.0207792207792208
hang 1900 10 777 0.0128700128700129
hang 1910 4 952 0.00420168067226891
hang 1920 4 733 0.00545702592087312
hang 1930 15 1145 0.0131004366812227
hang 1940 13 1072 0.0121268656716418
hang 1950 11 1049 0.0104861773117255
hang 1960 5 998 0.00501002004008016
hang 1970 14 1062 0.0131826741996234
hang 1980 14 989 0.0141557128412538
hang 1990 6 1360 0.00441176470588235
hang 2000 10 1153 0.00867302688638335
hear 1810 1 166 0.00602409638554217
hear 1820 2 1167 0.00171379605826907
hear 1830 6 2179 0.00275355667737494
hear 1840 1 2259 0.000442673749446658
hear 1850 1 2916 0.000342935528120713
hear 1860 3 2839 0.00105671010919338
hear 1870 1 3318 0.000301386377335744
hear 1880 3 3273 0.000916590284142988
hear 1890 3 4268 0.0007029053420806
hear 1900 7 3941 0.00177619893428064
hear 1910 12 4995 0.0024024024024024
hear 1920 25 4026 0.00620963735717834
hear 1930 7 5506 0.0012713403559753
hear 1940 3 5128 0.000585023400936037
hear 1950 9 4703 0.00191367212417606
hear 1960 1 4052 0.000246791707798618
hear 1970 1 3766 0.000265533722782793
hear 1980 4 4031 0.000992309600595386
hear 1990 2 5110 0.000391389432485323
hear 2000 2 4409 0.000453617600362894
heave 1820 64 68 0.941176470588235
heave 1830 86 119 0.722689075630252
heave 1840 120 149 0.805369127516778
heave 1850 113 125 0.904
heave 1860 74 120 0.616666666666667
heave 1870 78 96 0.8125
heave 1880 63 77 0.818181818181818
heave 1890 90 139 0.647482014388489
heave 1900 91 131 0.694656488549618
heave 1910 90 124 0.725806451612903
heave 1920 89 127 0.700787401574803
heave 1930 114 139 0.820143884892086
heave 1940 136 153 0.888888888888889
heave 1950 136 162 0.839506172839506
heave 1960 94 111 0.846846846846847
heave 1970 108 128 0.84375
heave 1980 113 121 0.933884297520661
heave 1990 147 160 0.91875
heave 2000 130 135 0.962962962962963
kneel 1810 1 10 0.1
kneel 1820 11 91 0.120879120879121
kneel 1830 60 223 0.269058295964126
kneel 1840 35 292 0.11986301369863
kneel 1850 35 272 0.128676470588235
kneel 1860 27 220 0.122727272727273
kneel 1870 30 322 0.093167701863354
kneel 1880 19 255 0.0745098039215686
kneel 1890 33 321 0.102803738317757
kneel 1900 16 270 0.0592592592592593
kneel 1910 26 304 0.0855263157894737
kneel 1920 10 204 0.0490196078431373
kneel 1930 12 249 0.0481927710843374
kneel 1940 21 274 0.0766423357664234
kneel 1950 27 273 0.0989010989010989
kneel 1960 23 235 0.0978723404255319
kneel 1970 36 254 0.141732283464567
kneel 1980 20 310 0.0645161290322581
kneel 1990 32 416 0.0769230769230769
kneel 2000 30 390 0.0769230769230769
knit 1820 1 10 0.1
knit 1830 2 12 0.166666666666667
knit 1840 3 17 0.176470588235294
knit 1850 6 21 0.285714285714286
knit 1860 10 43 0.232558139534884
knit 1870 9 54 0.166666666666667
knit 1880 12 34 0.352941176470588
knit 1890 23 40 0.575
knit 1900 21 43 0.488372093023256
knit 1910 24 39 0.615384615384615
knit 1920 14 37 0.378378378378378
knit 1930 24 44 0.545454545454545
knit 1940 20 39 0.512820512820513
knit 1950 13 28 0.464285714285714
knit 1960 12 31 0.387096774193548
knit 1970 5 34 0.147058823529412
knit 1980 13 44 0.295454545454545
knit 1990 15 53 0.283018867924528
knit 2000 14 51 0.274509803921569
know 1810 2 207 0.00966183574879227
know 1820 6 2347 0.00255645504899872
know 1830 37 3524 0.0104994324631101
know 1840 38 4410 0.00861678004535147
know 1850 61 5442 0.0112091142962146
know 1860 133 6188 0.0214932126696833
know 1870 155 7649 0.0202640868087332
know 1880 131 7713 0.0169843122001815
know 1890 121 9439 0.0128191545714588
know 1900 175 9749 0.0179505590316956
know 1910 159 12432 0.0127895752895753
know 1920 132 8889 0.0148498143773203
know 1930 158 11533 0.0136998179138125
know 1940 198 12098 0.0163663415440569
know 1950 143 11392 0.0125526685393258
know 1960 121 10082 0.012001586986709
know 1970 36 10246 0.00351356626976381
know 1980 82 10655 0.00769591740966682
know 1990 22 13869 0.00158627154084649
know 2000 16 13654 0.00117181778233485
lay 1810 43 135 0.318518518518519
lay 1820 351 1220 0.287704918032787
lay 1830 668 2486 0.268704746580853
lay 1840 969 3177 0.305004721435316
lay 1850 1172 3665 0.319781718963165
lay 1860 1062 3506 0.302909298345693
lay 1870 1264 4097 0.308518428118135
lay 1880 1240 3750 0.330666666666667
lay 1890 1436 4798 0.299291371404752
lay 1900 1330 4426 0.300497062810664
lay 1910 1361 4938 0.275617658971243
lay 1920 961 3629 0.264811242766602
lay 1930 1143 4469 0.255761915417319
lay 1940 1132 4399 0.257331211639009
lay 1950 940 3481 0.270037345590348
lay 1960 591 2739 0.215772179627601
lay 1970 567 2769 0.204767063921994
lay 1980 610 2786 0.218951902368988
lay 1990 750 3283 0.22844958879074
lay 2000 648 2683 0.241520685799478
lean 1820 89 123 0.723577235772358
lean 1830 186 196 0.948979591836735
lean 1840 223 229 0.973799126637555
lean 1850 332 339 0.979351032448378
lean 1860 374 376 0.99468085106383
lean 1870 504 516 0.976744186046512
lean 1880 516 527 0.979127134724858
lean 1890 684 709 0.964739069111425
lean 1900 929 936 0.992521367521368
lean 1910 1100 1110 0.990990990990991
lean 1920 779 807 0.965303593556382
lean 1930 1383 1403 0.985744832501782
lean 1940 1427 1450 0.984137931034483
lean 1950 1371 1374 0.997816593886463
lean 1960 1021 1043 0.978906999041227
lean 1970 1105 1126 0.981349911190053
lean 1980 1138 1144 0.994755244755245
lean 1990 1807 1815 0.995592286501377
lean 2000 1744 1753 0.994865944095836
leap 1820 175 183 0.956284153005464
leap 1830 214 242 0.884297520661157
leap 1840 315 340 0.926470588235294
leap 1850 258 272 0.948529411764706
leap 1860 262 277 0.945848375451264
leap 1870 261 271 0.96309963099631
leap 1880 297 314 0.945859872611465
leap 1890 485 532 0.911654135338346
leap 1900 615 637 0.965463108320251
leap 1910 713 748 0.953208556149733
leap 1920 612 675 0.906666666666667
leap 1930 568 643 0.883359253499222
leap 1940 455 536 0.848880597014925
leap 1950 530 564 0.939716312056738
leap 1960 317 364 0.870879120879121
leap 1970 294 369 0.796747967479675
leap 1980 367 474 0.774261603375527
leap 1990 288 456 0.631578947368421
leap 2000 220 431 0.510440835266821
learn 1810 20 32 0.625
learn 1820 137 220 0.622727272727273
learn 1830 395 437 0.903890160183066
learn 1840 540 577 0.935875216637782
learn 1850 656 717 0.914923291492329
learn 1860 645 677 0.952732644017725
learn 1870 785 809 0.970333745364648
learn 1880 819 839 0.976162097735399
learn 1890 971 992 0.97883064516129
learn 1900 935 973 0.960945529290853
learn 1910 1042 1093 0.953339432753888
learn 1920 1069 1102 0.97005444646098
learn 1930 1085 1101 0.985467756584923
learn 1940 1040 1054 0.986717267552182
learn 1950 1295 1309 0.989304812834225
learn 1960 1146 1160 0.987931034482759
learn 1970 1171 1198 0.977462437395659
learn 1980 1272 1279 0.994526974198593
learn 1990 1692 1703 0.993540810334703
learn 2000 1578 1579 0.999366687777074
light 1820 64 78 0.82051282051282
light 1830 126 187 0.67379679144385
light 1840 191 242 0.789256198347107
light 1850 205 310 0.661290322580645
light 1860 216 328 0.658536585365854
light 1870 247 403 0.612903225806452
light 1880 224 382 0.586387434554974
light 1890 279 480 0.58125
light 1900 264 489 0.539877300613497
light 1910 352 579 0.607944732297064
light 1920 293 522 0.561302681992337
light 1930 282 685 0.411678832116788
light 1940 239 783 0.305236270753512
light 1950 158 674 0.234421364985163
light 1960 101 605 0.166942148760331
light 1970 97 576 0.168402777777778
light 1980 58 468 0.123931623931624
light 1990 21 579 0.0362694300518135
light 2000 32 490 0.0653061224489796
plead 1820 24 26 0.923076923076923
plead 1830 35 36 0.972222222222222
plead 1840 48 49 0.979591836734694
plead 1850 118 119 0.991596638655462
plead 1860 146 147 0.993197278911565
plead 1870 228 231 0.987012987012987
plead 1880 209 210 0.995238095238095
plead 1890 238 239 0.99581589958159
plead 1900 297 298 0.996644295302013
plead 1910 320 326 0.98159509202454
plead 1920 284 290 0.979310344827586
plead 1930 239 247 0.967611336032389
plead 1940 210 216 0.972222222222222
plead 1950 283 297 0.952861952861953
plead 1960 196 204 0.96078431372549
plead 1970 205 212 0.966981132075472
plead 1980 209 223 0.937219730941704
plead 1990 228 246 0.926829268292683
plead 2000 184 190 0.968421052631579
quit 1810 24 40 0.6
quit 1820 38 51 0.745098039215686
quit 1830 65 90 0.722222222222222
quit 1840 97 130 0.746153846153846
quit 1850 64 90 0.711111111111111
quit 1860 66 94 0.702127659574468
quit 1870 62 89 0.696629213483146
quit 1880 65 96 0.677083333333333
quit 1890 40 77 0.519480519480519
quit 1900 29 87 0.333333333333333
quit 1910 21 110 0.190909090909091
quit 1920 17 129 0.131782945736434
quit 1930 14 199 0.0703517587939698
quit 1940 9 170 0.0529411764705882
quit 1950 3 238 0.0126050420168067
quit 1960 3 183 0.0163934426229508
quit 1970 1 212 0.00471698113207547
quit 1980 1 185 0.00540540540540541
quit 1990 1 240 0.00416666666666667
quit 2000 3 224 0.0133928571428571
shine 1810 2 50 0.04
shine 1820 1 172 0.00581395348837209
shine 1830 4 405 0.00987654320987654
shine 1840 5 666 0.00750750750750751
shine 1850 5 570 0.0087719298245614
shine 1860 2 485 0.00412371134020619
shine 1870 2 539 0.00371057513914657
shine 1880 7 470 0.0148936170212766
shine 1890 6 676 0.00887573964497041
shine 1900 6 606 0.0099009900990099
shine 1910 7 553 0.0126582278481013
shine 1920 10 411 0.024330900243309
shine 1930 10 410 0.024390243902439
shine 1940 14 441 0.0317460317460317
shine 1950 25 353 0.0708215297450425
shine 1960 18 271 0.0664206642066421
shine 1970 15 309 0.0485436893203883
shine 1980 15 295 0.0508474576271186
shine 1990 31 403 0.0769230769230769
shine 2000 59 339 0.174041297935103
smell 1830 3 25 0.12
smell 1840 7 30 0.233333333333333
smell 1850 16 35 0.457142857142857
smell 1860 15 53 0.283018867924528
smell 1870 31 65 0.476923076923077
smell 1880 63 90 0.7
smell 1890 46 75 0.613333333333333
smell 1900 57 86 0.662790697674419
smell 1910 121 160 0.75625
smell 1920 94 128 0.734375
smell 1930 259 305 0.849180327868852
smell 1940 310 328 0.945121951219512
smell 1950 386 411 0.939172749391727
smell 1960 368 387 0.950904392764858
smell 1970 340 360 0.944444444444444
smell 1980 420 427 0.983606557377049
smell 1990 827 843 0.981020166073547
smell 2000 737 744 0.990591397849462
sneak 1840 10 11 0.909090909090909
sneak 1870 9 10 0.9
sneak 1880 11 12 0.916666666666667
sneak 1890 21 22 0.954545454545455
sneak 1900 40 41 0.975609756097561
sneak 1910 72 75 0.96
sneak 1920 54 55 0.981818181818182
sneak 1930 50 54 0.925925925925926
sneak 1940 63 68 0.926470588235294
sneak 1950 55 60 0.916666666666667
sneak 1960 55 69 0.797101449275362
sneak 1970 56 75 0.746666666666667
sneak 1980 53 69 0.768115942028985
sneak 1990 79 129 0.612403100775194
sneak 2000 69 129 0.534883720930233
speed 1820 4 10 0.4
speed 1830 3 79 0.0379746835443038
speed 1840 14 126 0.111111111111111
speed 1850 2 140 0.0142857142857143
speed 1860 2 81 0.0246913580246914
speed 1870 1 142 0.00704225352112676
speed 1880 3 158 0.0189873417721519
speed 1890 1 245 0.00408163265306122
speed 1900 11 233 0.0472103004291846
speed 1910 6 252 0.0238095238095238
speed 1920 20 306 0.065359477124183
speed 1930 15 188 0.0797872340425532
speed 1940 29 180 0.161111111111111
speed 1950 33 195 0.169230769230769
speed 1960 20 149 0.134228187919463
speed 1970 23 165 0.139393939393939
speed 1980 16 152 0.105263157894737
speed 1990 13 153 0.0849673202614379
speed 2000 11 180 0.0611111111111111
spell 1850 8 12 0.666666666666667
spell 1860 9 24 0.375
spell 1870 20 24 0.833333333333333
spell 1880 22 28 0.785714285714286
spell 1890 29 33 0.878787878787879
spell 1900 42 48 0.875
spell 1910 59 66 0.893939393939394
spell 1920 66 73 0.904109589041096
spell 1930 59 64 0.921875
spell 1940 71 78 0.91025641025641
spell 1950 92 99 0.929292929292929
spell 1960 77 80 0.9625
spell 1970 82 87 0.942528735632184
spell 1980 72 73 0.986301369863014
spell 1990 82 83 0.987951807228916
spell 2000 72 73 0.986301369863014
spill 1830 6 18 0.333333333333333
spill 1840 11 18 0.611111111111111
spill 1850 14 27 0.518518518518518
spill 1860 12 20 0.6
spill 1870 9 20 0.45
spill 1880 13 16 0.8125
spill 1890 15 24 0.625
spill 1900 17 22 0.772727272727273
spill 1910 33 41 0.804878048780488
spill 1920 42 47 0.893617021276596
spill 1930 68 73 0.931506849315068
spill 1940 78 79 0.987341772151899
spill 1950 84 85 0.988235294117647
spill 1960 106 110 0.963636363636364
spill 1970 98 103 0.951456310679612
spill 1980 137 140 0.978571428571429
spill 1990 160 162 0.987654320987654
spill 2000 161 165 0.975757575757576
spoil 1820 9 14 0.642857142857143
spoil 1830 14 17 0.823529411764706
spoil 1840 18 20 0.9
spoil 1850 28 32 0.875
spoil 1860 36 49 0.73469387755102
spoil 1870 40 50 0.8
spoil 1880 52 59 0.88135593220339
spoil 1890 69 70 0.985714285714286
spoil 1900 68 79 0.860759493670886
spoil 1910 79 83 0.951807228915663
spoil 1920 67 69 0.971014492753623
spoil 1930 74 75 0.986666666666667
spoil 1940 63 69 0.91304347826087
spoil 1950 83 84 0.988095238095238
spoil 1960 59 63 0.936507936507937
spoil 1970 62 63 0.984126984126984
spoil 1980 41 43 0.953488372093023
spoil 1990 56 59 0.949152542372881
spoil 2000 45 46 0.978260869565217
strew 1810 2 13 0.153846153846154
strew 1820 21 49 0.428571428571429
strew 1830 53 115 0.460869565217391
strew 1840 43 79 0.544303797468354
strew 1850 45 85 0.529411764705882
strew 1860 38 69 0.550724637681159
strew 1870 29 52 0.557692307692308
strew 1880 31 54 0.574074074074074
strew 1890 26 47 0.553191489361702
strew 1900 16 32 0.5
strew 1910 11 24 0.458333333333333
strew 1920 17 25 0.68
strew 1930 6 11 0.545454545454545
strew 1940 9 16 0.5625
strew 1950 5 11 0.454545454545455
strew 1960 8 12 0.666666666666667
strew 1970 3 10 0.3
strew 1990 2 10 0.2
tell 1810 1 131 0.00763358778625954
tell 1820 1 1045 0.000956937799043062
tell 1830 9 2258 0.00398582816651904
tell 1840 5 2295 0.00217864923747277
tell 1850 27 3118 0.00865939704939063
tell 1860 11 3473 0.00316729052692197
tell 1870 19 4083 0.00465344109723243
tell 1880 4 4733 0.000845129938728079
tell 1890 6 5528 0.00108538350217077
tell 1900 1 6146 0.000162707452001302
tell 1910 1 7883 0.00012685525815045
tell 1920 1 7176 0.000139353400222965
tell 1930 1 8759 0.000114168284050691
tell 1940 1 9515 0.000105097214923805
tell 1950 1 10528 9.49848024316109e-05
tell 1960 1 9922 0.00010078613182826
tell 1970 1 10087 9.91375037176564e-05
tell 1980 1 9546 0.000104755918709407
tell 1990 1 12609 7.93084304861607e-05
tell 2000 1 10206 9.79815794630609e-05
throw 1810 1 39 0.0256410256410256
throw 1820 1 614 0.00162866449511401
throw 1830 2 1190 0.00168067226890756
throw 1840 2 1138 0.00175746924428822
throw 1850 1 1394 0.000717360114777618
throw 1860 11 1161 0.00947459086993971
throw 1870 15 1415 0.0106007067137809
throw 1880 25 1285 0.0194552529182879
throw 1890 8 1649 0.00485142510612492
throw 1900 25 1659 0.0150693188667872
throw 1910 23 1614 0.0142503097893432
throw 1920 21 1294 0.0162287480680062
throw 1930 15 1464 0.0102459016393443
throw 1940 20 1466 0.0136425648021828
throw 1950 10 1432 0.00698324022346369
throw 1960 16 1282 0.0124804992199688
throw 1970 9 1232 0.00730519480519481
throw 1980 8 1278 0.00625978090766823
throw 1990 4 1619 0.00247066090179123
throw 2000 1 1387 0.000720980533525595
wake 1810 6 15 0.4
wake 1820 14 39 0.358974358974359
wake 1830 47 130 0.361538461538462
wake 1840 68 141 0.482269503546099
wake 1850 53 219 0.242009132420091
wake 1860 69 267 0.258426966292135
wake 1870 77 287 0.268292682926829
wake 1880 67 233 0.28755364806867
wake 1890 75 266 0.281954887218045
wake 1900 68 322 0.211180124223602
wake 1910 53 318 0.166666666666667
wake 1920 51 281 0.181494661921708
wake 1930 57 439 0.129840546697039
wake 1940 25 439 0.0569476082004556
wake 1950 37 441 0.0839002267573696
wake 1960 19 546 0.0347985347985348
wake 1970 10 517 0.0193423597678917
wake 1980 3 586 0.00511945392491468
wake 1990 7 969 0.00722394220846233
wake 2000 1 731 0.00136798905608755
weave 1820 1 12 0.0833333333333333
weave 1830 1 30 0.0333333333333333
weave 1840 1 38 0.0263157894736842
weave 1850 1 28 0.0357142857142857
weave 1860 1 30 0.0333333333333333
weave 1870 1 34 0.0294117647058824
weave 1880 1 51 0.0196078431372549
weave 1890 1 43 0.0232558139534884
weave 1900 3 55 0.0545454545454545
weave 1910 2 34 0.0588235294117647
weave 1920 8 39 0.205128205128205
weave 1930 6 46 0.130434782608696
weave 1940 6 58 0.103448275862069
weave 1950 15 79 0.189873417721519
weave 1960 16 49 0.326530612244898
weave 1970 11 45 0.244444444444444
weave 1980 13 66 0.196969696969697
weave 1990 19 79 0.240506329113924
weave 2000 22 84 0.261904761904762
wed 1830 12 15 0.8
wed 1840 21 23 0.91304347826087
wed 1860 6 11 0.545454545454545
wed 1870 16 19 0.842105263157895
wed 1880 9 12 0.75
wed 1890 21 25 0.84
wed 1910 8 10 0.8
wed 1980 5 16 0.3125
wed 2000 1 16 0.0625
wet 1820 1 10 0.1
wet 1830 2 14 0.142857142857143
wet 1840 3 22 0.136363636363636
wet 1850 3 17 0.176470588235294
wet 1860 3 29 0.103448275862069
wet 1870 8 34 0.235294117647059
wet 1880 4 23 0.173913043478261
wet 1890 1 24 0.0416666666666667
wet 1900 6 41 0.146341463414634
wet 1910 4 41 0.0975609756097561
wet 1920 4 42 0.0952380952380952
wet 1930 4 64 0.0625
wet 1940 6 59 0.101694915254237
wet 1950 4 67 0.0597014925373134
wet 1960 5 50 0.1
wet 1970 3 73 0.0410958904109589
wet 1980 5 44 0.113636363636364
wet 1990 2 67 0.0298507462686567
wet 2000 4 48 0.0833333333333333
awake 1810 4 181 0.0220994475138122
awake 1830 20 491 0.0407331975560081
awake 1850 25 611 0.0409165302782324
awake 1870 11 656 0.0167682926829268
awake 1890 9 648 0.0138888888888889
awake 1910 1 666 0.0015015015015015
awake 1930 3 412 0.00728155339805825
awake 1950 1 399 0.0025062656641604
awake 1970 1 387 0.00258397932816537
awake 1990 1 475 0.00210526315789474
build 1810 1 74 0.0135135135135135
build 1830 12 364 0.032967032967033
build 1850 33 503 0.0656063618290258
build 1870 39 668 0.0583832335329341
build 1890 45 904 0.0497787610619469
build 1910 21 1001 0.020979020979021
build 1930 12 1436 0.00835654596100279
build 1950 2 1347 0.00148478099480327
build 1970 2 1182 0.00169204737732657
build 1990 1 1630 0.000613496932515337
burn 1810 36 64 0.5625
burn 1830 228 262 0.870229007633588
burn 1850 423 471 0.898089171974522
burn 1870 502 547 0.917733089579525
burn 1890 642 677 0.948301329394387
burn 1910 659 688 0.957848837209302
burn 1930 864 904 0.955752212389381
burn 1950 775 804 0.963930348258706
burn 1970 708 725 0.976551724137931
burn 1990 933 955 0.97696335078534
catch 1810 3 351 0.00854700854700855
catch 1830 23 1228 0.0187296416938111
catch 1850 9 1608 0.00559701492537313
catch 1870 7 2130 0.00328638497652582
catch 1890 9 3383 0.00266036062666273
catch 1910 4 4009 0.000997755051134946
catch 1930 8 3372 0.00237247924080664
catch 1950 5 2931 0.00170590242238144
catch 1970 3 2775 0.00108108108108108
catch 1990 2 3742 0.000534473543559594
dive 1830 19 27 0.703703703703704
dive 1850 35 44 0.795454545454545
dive 1870 35 42 0.833333333333333
dive 1890 64 81 0.790123456790123
dive 1910 109 127 0.858267716535433
dive 1930 154 205 0.751219512195122
dive 1950 96 146 0.657534246575342
dive 1970 99 176 0.5625
dive 1990 78 188 0.414893617021277
draw 1810 1 682 0.00146627565982405
draw 1830 14 2750 0.00509090909090909
draw 1850 15 3650 0.00410958904109589
draw 1870 34 4197 0.00810102454133905
draw 1890 29 5316 0.00545522949586155
draw 1910 20 5109 0.00391466040321002
draw 1930 4 4293 0.000931749359422315
draw 1950 15 3228 0.00464684014869888
draw 1970 3 2866 0.00104675505931612
draw 1990 2 3122 0.000640614990390775
dream 1810 30 64 0.46875
dream 1830 258 301 0.857142857142857
dream 1850 408 436 0.935779816513762
dream 1870 508 553 0.918625678119349
dream 1890 506 564 0.897163120567376
dream 1910 501 538 0.931226765799256
dream 1930 373 406 0.91871921182266
dream 1950 403 440 0.915909090909091
dream 1970 480 570 0.842105263157895
dream 1990 587 658 0.89209726443769
dwell 1810 1 71 0.0140845070422535
dwell 1830 3 302 0.00993377483443709
dwell 1850 2 238 0.00840336134453781
dwell 1870 2 267 0.00749063670411985
dwell 1890 4 248 0.0161290322580645
dwell 1910 4 178 0.0224719101123595
dwell 1930 10 109 0.0917431192660551
dwell 1950 23 71 0.323943661971831
dwell 1970 31 82 0.378048780487805
dwell 1990 34 55 0.618181818181818
grow 1810 1 619 0.00161550888529887
grow 1830 5 2660 0.0018796992481203
grow 1850 21 3827 0.00548732688790175
grow 1870 21 4315 0.0048667439165701
grow 1890 25 5068 0.00493291239147593
grow 1910 24 4733 0.00507077963236848
grow 1930 21 4226 0.00496923805016564
grow 1950 9 3245 0.00277349768875193
grow 1970 13 3628 0.0035832414553473
grow 1990 5 5123 0.000975990630489947
hang 1810 3 234 0.0128205128205128
hang 1830 9 1235 0.00728744939271255
hang 1850 5 1251 0.00399680255795364
hang 1870 14 1299 0.0107775211701309
hang 1890 26 1547 0.0168067226890756
hang 1910 8 1685 0.00474777448071217
hang 1930 28 2217 0.0126296797474064
hang 1950 16 2047 0.00781631656082071
hang 1970 28 2051 0.0136518771331058
hang 1990 16 2513 0.00636689216076403
hear 1810 2 1333 0.00150037509377344
hear 1830 7 4438 0.00157728706624606
hear 1850 3 5755 0.00052128583840139
hear 1870 3 6591 0.000455166135639508
hear 1890 10 8209 0.00121817517358996
hear 1910 37 9021 0.00410154084912981
hear 1930 10 10634 0.000940379913485048
hear 1950 10 8755 0.00114220445459737
hear 1970 5 7797 0.000641272284211876
hear 1990 4 9519 0.000420212207164618
heave 1810 71 76 0.934210526315789
heave 1830 206 268 0.76865671641791
heave 1850 187 245 0.763265306122449
heave 1870 141 173 0.815028901734104
heave 1890 181 270 0.67037037037037
heave 1910 179 251 0.713147410358566
heave 1930 250 292 0.856164383561644
heave 1950 230 273 0.842490842490842
heave 1970 221 249 0.887550200803213
heave 1990 277 295 0.938983050847458
kneel 1810 11 101 0.108910891089109
kneel 1830 95 515 0.184466019417476
kneel 1850 62 492 0.126016260162602
kneel 1870 49 577 0.0849220103986135
kneel 1890 49 591 0.0829103214890017
kneel 1910 36 508 0.0708661417322835
kneel 1930 33 523 0.0630975143403442
kneel 1950 50 508 0.0984251968503937
kneel 1970 56 564 0.099290780141844
kneel 1990 62 806 0.0769230769230769
knit 1810 1 11 0.0909090909090909
knit 1830 5 29 0.172413793103448
knit 1850 16 64 0.25
knit 1870 21 88 0.238636363636364
knit 1890 44 83 0.530120481927711
knit 1910 38 76 0.5
knit 1930 44 83 0.530120481927711
knit 1950 25 59 0.423728813559322
knit 1970 18 78 0.230769230769231
knit 1990 29 104 0.278846153846154
know 1810 8 2554 0.00313234142521535
know 1830 75 7934 0.00945298714393748
know 1850 194 11630 0.0166809974204643
know 1870 286 15362 0.0186173675302695
know 1890 296 19188 0.0154263081092349
know 1910 291 21321 0.0136485155480512
know 1930 356 23631 0.0150649570479455
know 1950 264 21474 0.0122939368538698
know 1970 118 20901 0.00564566288694321
know 1990 38 27523 0.00138066344511863
lay 1810 394 1355 0.290774907749077
lay 1830 1637 5663 0.289069397845665
lay 1850 2234 7171 0.311532561706875
lay 1870 2504 7847 0.319102841850389
lay 1890 2766 9224 0.299869904596704
lay 1910 2322 8567 0.271040037352632
lay 1930 2275 8868 0.256540369869193
lay 1950 1531 6220 0.246141479099678
lay 1970 1177 5555 0.211881188118812
lay 1990 1398 5966 0.234327857861214
lean 1810 93 128 0.7265625
lean 1830 409 425 0.962352941176471
lean 1850 706 715 0.987412587412587
lean 1870 1020 1043 0.977948226270374
lean 1890 1613 1645 0.980547112462006
lean 1910 1879 1917 0.980177360459051
lean 1930 2810 2853 0.984928145811427
lean 1950 2392 2417 0.989656599089781
lean 1970 2243 2270 0.988105726872247
lean 1990 3551 3568 0.995235426008969
leap 1810 178 191 0.931937172774869
leap 1830 529 582 0.90893470790378
leap 1850 520 549 0.947176684881603
leap 1870 558 585 0.953846153846154
leap 1890 1100 1169 0.940975192472198
leap 1910 1325 1423 0.931131412508784
leap 1930 1023 1179 0.867684478371501
leap 1950 847 928 0.912715517241379
leap 1970 661 843 0.784104389086596
leap 1990 508 887 0.57271702367531
learn 1810 157 252 0.623015873015873
learn 1830 935 1014 0.922090729783038
learn 1850 1301 1394 0.933285509325681
learn 1870 1604 1648 0.973300970873786
learn 1890 1906 1965 0.969974554707379
learn 1910 2111 2195 0.961731207289294
learn 1930 2125 2155 0.986078886310905
learn 1950 2441 2469 0.988659376265695
learn 1970 2443 2477 0.986273718207509
learn 1990 3270 3282 0.996343692870201
light 1810 73 87 0.839080459770115
light 1830 317 429 0.738927738927739
light 1850 421 638 0.65987460815047
light 1870 471 785 0.6
light 1890 543 969 0.560371517027864
light 1910 645 1101 0.5858310626703
light 1930 521 1468 0.354904632152589
light 1950 259 1279 0.202501954652072
light 1970 155 1044 0.148467432950192
light 1990 53 1069 0.0495790458372311
plead 1810 28 30 0.933333333333333
plead 1830 84 85 0.988235294117647
plead 1850 265 266 0.996240601503759
plead 1870 438 441 0.993197278911565
plead 1890 536 537 0.998137802607076
plead 1910 604 616 0.980519480519481
plead 1930 449 463 0.96976241900648
plead 1950 479 501 0.956087824351297
plead 1970 414 435 0.951724137931034
plead 1990 412 436 0.944954128440367
quit 1810 62 91 0.681318681318681
quit 1830 162 220 0.736363636363636
quit 1850 130 184 0.706521739130435
quit 1870 127 185 0.686486486486486
quit 1890 69 164 0.420731707317073
quit 1910 38 239 0.158995815899582
quit 1930 23 369 0.0623306233062331
quit 1950 6 421 0.0142517814726841
quit 1970 1 397 0.00251889168765743
quit 1990 3 464 0.00646551724137931
shine 1810 3 222 0.0135135135135135
shine 1830 9 1071 0.00840336134453781
shine 1850 7 1055 0.00663507109004739
shine 1870 9 1009 0.0089197224975223
shine 1890 12 1282 0.0093603744149766
shine 1910 17 964 0.0176348547717842
shine 1930 24 851 0.0282021151586369
shine 1950 43 624 0.0689102564102564
shine 1970 30 604 0.0496688741721854
shine 1990 90 742 0.121293800539084
smell 1830 10 55 0.181818181818182
smell 1850 31 88 0.352272727272727
smell 1870 94 155 0.606451612903226
smell 1890 103 161 0.639751552795031
smell 1910 215 288 0.746527777777778
smell 1930 569 633 0.898894154818325
smell 1950 754 798 0.944862155388471
smell 1970 760 787 0.96569250317662
smell 1990 1564 1587 0.985507246376812
sneak 1830 16 17 0.941176470588235
sneak 1850 12 13 0.923076923076923
sneak 1870 21 22 0.954545454545455
sneak 1890 62 63 0.984126984126984
sneak 1910 126 130 0.969230769230769
sneak 1930 113 122 0.926229508196721
sneak 1950 110 129 0.852713178294574
sneak 1970 109 144 0.756944444444444
sneak 1990 148 258 0.573643410852713
speed 1810 4 18 0.222222222222222
speed 1830 17 205 0.0829268292682927
speed 1850 4 221 0.0180995475113122
speed 1870 4 300 0.0133333333333333
speed 1890 11 478 0.0230125523012552
speed 1910 26 558 0.046594982078853
speed 1930 44 368 0.119565217391304
speed 1950 53 344 0.15406976744186
speed 1970 39 317 0.123028391167192
speed 1990 24 333 0.0720720720720721
spell 1830 4 14 0.285714285714286
spell 1850 17 36 0.472222222222222
spell 1870 42 52 0.807692307692308
spell 1890 71 81 0.876543209876543
spell 1910 125 139 0.899280575539568
spell 1930 130 142 0.915492957746479
spell 1950 169 179 0.94413407821229
spell 1970 154 160 0.9625
spell 1990 155 156 0.993589743589744
spill 1830 17 36 0.472222222222222
spill 1850 26 47 0.553191489361702
spill 1870 22 36 0.611111111111111
spill 1890 32 46 0.695652173913043
spill 1910 75 88 0.852272727272727
spill 1930 147 152 0.967105263157895
spill 1950 191 195 0.979487179487179
spill 1970 235 243 0.967078189300412
spill 1990 321 327 0.981651376146789
spoil 1810 9 15 0.6
spoil 1830 32 37 0.864864864864865
spoil 1850 64 81 0.790123456790123
spoil 1870 92 109 0.844036697247706
spoil 1890 137 149 0.919463087248322
spoil 1910 146 152 0.960526315789474
spoil 1930 137 144 0.951388888888889
spoil 1950 142 147 0.965986394557823
spoil 1970 103 106 0.971698113207547
spoil 1990 101 105 0.961904761904762
strew 1810 23 62 0.370967741935484
strew 1830 96 194 0.494845360824742
strew 1850 83 154 0.538961038961039
strew 1870 60 106 0.566037735849057
strew 1890 42 79 0.531645569620253
strew 1910 28 49 0.571428571428571
strew 1930 15 27 0.555555555555556
strew 1950 13 23 0.565217391304348
strew 1970 4 16 0.25
strew 1990 6 17 0.352941176470588
tell 1810 1 1176 0.000850340136054422
tell 1830 14 4553 0.00307489567318252
tell 1850 38 6591 0.00576543771810044
tell 1870 23 8816 0.00260889292196007
tell 1890 6 11674 0.000513962652047285
tell 1910 1 15059 6.64054718108772e-05
tell 1930 1 18274 5.47225566378461e-05
tell 1950 1 20450 4.88997555012225e-05
tell 1970 1 19633 5.09346508429685e-05
tell 1990 1 22815 4.38308130615823e-05
throw 1810 1 653 0.00153139356814701
throw 1830 4 2328 0.00171821305841924
throw 1850 12 2555 0.00469667318982387
throw 1870 40 2700 0.0148148148148148
throw 1890 33 3308 0.00997581620314389
throw 1910 44 2908 0.015130674002751
throw 1930 35 2930 0.0119453924914676
throw 1950 26 2714 0.00957995578481946
throw 1970 17 2510 0.00677290836653386
throw 1990 5 3006 0.00166333998669328
wake 1810 20 54 0.37037037037037
wake 1830 115 271 0.424354243542435
wake 1850 122 486 0.251028806584362
wake 1870 144 520 0.276923076923077
wake 1890 143 588 0.243197278911565
wake 1910 104 599 0.173622704507513
wake 1930 82 878 0.0933940774487472
wake 1950 56 987 0.0567375886524823
wake 1970 13 1103 0.0117860380779692
wake 1990 7 1700 0.00411764705882353
weave 1810 1 19 0.0526315789473684
weave 1830 1 68 0.0147058823529412
weave 1850 1 58 0.0172413793103448
weave 1870 1 85 0.0117647058823529
weave 1890 4 98 0.0408163265306122
weave 1910 10 73 0.136986301369863
weave 1930 12 104 0.115384615384615
weave 1950 31 128 0.2421875
weave 1970 24 111 0.216216216216216
weave 1990 41 163 0.251533742331288
wed 1830 33 38 0.868421052631579
wed 1850 14 19 0.736842105263158
wed 1870 25 31 0.806451612903226
wed 1890 24 30 0.8
wed 1910 11 14 0.785714285714286
wed 1930 7 10 0.7
wed 1950 5 16 0.3125
wed 1970 7 21 0.333333333333333
wed 1990 1 24 0.0416666666666667
wet 1810 1 11 0.0909090909090909
wet 1830 5 36 0.138888888888889
wet 1850 6 46 0.130434782608696
wet 1870 12 57 0.210526315789474
wet 1890 7 65 0.107692307692308
wet 1910 8 83 0.0963855421686747
wet 1930 10 123 0.0813008130081301
wet 1950 9 117 0.0769230769230769
wet 1970 8 117 0.0683760683760684
wet 1990 6 115 0.0521739130434783
awake 1810 24 672 0.03571428571428571
awake 1850 36 1267 0.028413575374901343
awake 1890 10 1314 0.0076103500761035
awake 1930 4 811 0.004932182490752158
awake 1970 2 862 0.002320185614849188
build 1810 13 438 0.02968036529680365
build 1850 72 1171 0.06148590947907771
build 1890 66 1905 0.03464566929133858
build 1930 14 2783 0.005030542579949695
build 1970 3 2812 0.0010668563300142249
burn 1810 264 326 0.8098159509202454
burn 1850 925 1018 0.9086444007858546
burn 1890 1301 1365 0.9531135531135531
burn 1930 1639 1708 0.9596018735362998
burn 1970 1641 1680 0.9767857142857143
catch 1810 26 1579 0.016466117796073463
catch 1850 16 3738 0.004280363830925628
catch 1890 13 7392 0.0017586580086580087
catch 1930 13 6303 0.0020625099159130573
catch 1970 5 6517 0.0007672241829062452
dive 1830 54 71 0.7605633802816901
dive 1870 99 123 0.8048780487804879
dive 1910 263 332 0.7921686746987951
dive 1950 195 322 0.6055900621118012
draw 1810 15 3432 0.004370629370629371
draw 1850 49 7847 0.006244424620874219
draw 1890 49 10425 0.0047002398081534775
draw 1930 19 7521 0.002526259805876878
draw 1970 5 5988 0.0008350033400133601
dream 1810 288 365 0.7890410958904109
dream 1850 916 989 0.9261880687563195
dream 1890 1007 1102 0.9137931034482759
dream 1930 776 846 0.91725768321513
dream 1970 1067 1228 0.8688925081433225
dwell 1810 4 373 0.010723860589812333
dwell 1850 4 505 0.007920792079207921
dwell 1890 8 426 0.018779342723004695
dwell 1930 33 180 0.18333333333333332
dwell 1970 65 137 0.4744525547445255
grow 1810 6 3279 0.0018298261665141812
grow 1850 42 8142 0.005158437730287398
grow 1890 49 9801 0.004999489847974697
grow 1930 30 7471 0.004015526703252577
grow 1970 18 8751 0.002056907781967775
hang 1810 12 1469 0.008168822328114363
hang 1850 19 2550 0.007450980392156863
hang 1890 34 3232 0.01051980198019802
hang 1930 44 4264 0.010318949343339587
hang 1970 44 4564 0.009640666082383873
hear 1810 9 5771 0.0015595217466643563
hear 1850 6 12346 0.0004859873643285275
hear 1890 47 17230 0.0027278003482298315
hear 1930 20 19389 0.0010315127133941925
hear 1970 9 17316 0.0005197505197505198
heave 1810 277 344 0.8052325581395349
heave 1850 328 418 0.784688995215311
heave 1890 360 521 0.690978886756238
heave 1930 480 565 0.8495575221238938
heave 1970 498 544 0.9154411764705882
kneel 1810 106 616 0.17207792207792208
kneel 1850 111 1069 0.1038353601496726
kneel 1890 85 1099 0.07734303912647862
kneel 1930 83 1031 0.08050436469447139
kneel 1970 118 1370 0.08613138686131387
knit 1810 6 40 0.15
knit 1850 37 152 0.24342105263157895
knit 1890 82 159 0.5157232704402516
knit 1930 69 142 0.4859154929577465
knit 1970 47 182 0.25824175824175827
know 1810 83 10488 0.007913806254767354
know 1850 480 26992 0.01778304682868998
know 1890 587 40509 0.01449060702559925
know 1930 620 45105 0.013745704467353952
know 1970 156 48424 0.003221543036510821
lay 1810 2031 7018 0.28939868908520944
lay 1850 4738 15018 0.31548808096950326
lay 1890 5088 17791 0.285987296947895
lay 1930 3806 15088 0.25225344644750797
lay 1970 2575 11521 0.2235049040881868
lean 1810 502 553 0.9077757685352622
lean 1850 1726 1758 0.981797497155859
lean 1890 3492 3562 0.9803481190342505
lean 1930 5202 5270 0.9870967741935484
lean 1970 5794 5838 0.9924631723192874
leap 1810 707 773 0.9146183699870634
leap 1850 1078 1134 0.9506172839506173
leap 1890 2425 2592 0.935570987654321
leap 1930 1870 2107 0.8875177978168012
leap 1970 1169 1730 0.6757225433526012
learn 1810 1092 1266 0.8625592417061612
learn 1850 2905 3042 0.9549638395792241
learn 1890 4017 4160 0.965625
learn 1930 4566 4624 0.9874567474048442
learn 1970 5713 5759 0.9920125021705157
light 1810 390 516 0.7558139534883721
light 1850 892 1423 0.6268446943078004
light 1890 1188 2070 0.5739130434782609
light 1930 780 2747 0.28394612304332
light 1970 208 2113 0.09843823946994794
plead 1810 112 115 0.9739130434782609
plead 1850 703 707 0.9943422913719944
plead 1890 1140 1153 0.9887250650477016
plead 1930 928 964 0.9626556016597511
plead 1970 826 871 0.9483352468427095
quit 1810 224 311 0.7202572347266881
quit 1850 257 369 0.6964769647696477
quit 1890 107 403 0.2655086848635236
quit 1930 29 790 0.03670886075949367
quit 1970 4 861 0.004645760743321719
shine 1810 12 1293 0.009280742459396751
shine 1850 16 2064 0.007751937984496124
shine 1890 29 2246 0.012911843276936777
shine 1930 67 1475 0.04542372881355932
shine 1970 120 1346 0.08915304606240713
smell 1810 10 58 0.1724137931034483
smell 1850 125 243 0.51440329218107
smell 1890 318 449 0.7082405345211581
smell 1930 1323 1431 0.9245283018867925
smell 1970 2324 2374 0.97893850042123
sneak 1830 28 30 0.9333333333333333
sneak 1870 83 85 0.9764705882352941
sneak 1910 239 252 0.9484126984126984
sneak 1950 219 273 0.8021978021978022
speed 1810 21 223 0.09417040358744394
speed 1850 8 521 0.015355086372360844
speed 1890 37 1036 0.03571428571428571
speed 1930 97 712 0.13623595505617977
speed 1970 63 650 0.09692307692307692
spell 1810 4 17 0.23529411764705882
spell 1850 59 88 0.6704545454545454
spell 1890 196 220 0.8909090909090909
spell 1930 299 321 0.9314641744548287
spell 1970 309 316 0.9778481012658228
spill 1810 17 44 0.38636363636363635
spill 1850 48 83 0.5783132530120482
spill 1890 107 134 0.7985074626865671
spill 1930 338 347 0.9740634005763689
spill 1970 556 570 0.9754385964912281
spoil 1810 41 52 0.7884615384615384
spoil 1850 156 190 0.8210526315789474
spoil 1890 283 301 0.9401993355481728
spoil 1930 279 291 0.9587628865979382
spoil 1970 204 211 0.966824644549763
strew 1810 119 256 0.46484375
strew 1850 143 260 0.55
strew 1890 70 128 0.546875
strew 1930 28 50 0.56
strew 1970 10 33 0.30303030303030304
tell 1810 15 5729 0.0026182579856868565
tell 1850 61 15407 0.003959239306808593
tell 1890 7 26733 0.0002618486514794449
tell 1930 2 38724 5.1647557070550566e-05
tell 1970 2 42448 4.711647191858274e-05
throw 1810 5 2981 0.0016772895001677288
throw 1850 52 5255 0.009895337773549001
throw 1890 77 6216 0.012387387387387387
throw 1930 61 5644 0.01080793763288448
throw 1970 22 5516 0.003988397389412618
wake 1810 135 325 0.4153846153846154
wake 1850 266 1006 0.2644135188866799
wake 1890 247 1187 0.2080876158382477
wake 1930 138 1865 0.07399463806970509
wake 1970 20 2803 0.007135212272565109
weave 1810 2 87 0.022988505747126436
weave 1850 2 143 0.013986013986013986
weave 1890 14 171 0.08187134502923976
weave 1930 43 232 0.1853448275862069
weave 1970 65 274 0.23722627737226276
wed 1810 33 46 0.717391304347826
wed 1850 39 50 0.78
wed 1890 35 44 0.7954545454545454
wed 1930 12 26 0.46153846153846156
wed 1970 8 45 0.17777777777777778
wet 1810 6 47 0.1276595744680851
wet 1850 18 103 0.17475728155339806
wet 1890 15 148 0.10135135135135136
wet 1930 19 240 0.07916666666666666
wet 1970 14 232 0.0603448275862069