awaked_VERB	1769	1836	9390	0.19552715654952077	1079	5119	0.210783356124243
awaked_VERB	1799	8281	69710	0.11879213886099556	4990	31134	0.16027494057943084
awaked_VERB	1829	11127	218491	0.05092658278830707	7658	84586	0.09053507672664507
awaked_VERB	1859	10848	270175	0.04015175349310632	7385	115505	0.06393662612008139
awaked_VERB	1889	14558	443245	0.03284413811774527	10123	199248	0.05080603067533927
awaked_VERB	1919	7058	298883	0.023614591662958415	4749	146037	0.03251915610427494
awaked_VERB	1949	8386	488989	0.017149670033477237	5845	254605	0.022957129671451856
awaked_VERB	1979	21063	1679103	0.012544197705560648	14303	786150	0.018193728932137634
blowed_VERB	1769	218	13123	0.016612055170311668	140	5484	0.025528811086797956
blowed_VERB	1799	484	72117	0.006711316333180803	425	29642	0.014337763983536873
blowed_VERB	1829	1580	183344	0.008617680425866131	1180	72912	0.016183892912003513
blowed_VERB	1859	3180	275840	0.011528422273781903	2366	112925	0.020951959264998894
blowed_VERB	1889	7600	587597	0.01293403472107584	5463	232002	0.023547210799906897
blowed_VERB	1919	6267	595078	0.010531392523333075	4325	217273	0.019905832754184827
blowed_VERB	1949	8482	1029352	0.008240135541583442	5498	416607	0.013197089823262691
blowed_VERB	1979	23988	3473263	0.006906473825909526	16256	1337147	0.01215722729064194
burned_VERB	1769	10681	30035	0.3556184451473281	2870	7716	0.37195438050803525
burned_VERB	1799	59276	169203	0.35032475783526296	17090	40582	0.421122665221034
burned_VERB	1829	211373	429732	0.4918716781622034	50006	100546	0.49734449903526745
burned_VERB	1859	397613	658384	0.6039226348149408	82410	151382	0.5443844050151273
burned_VERB	1889	857991	1196439	0.7171205552476976	179435	284910	0.6297953739777473
burned_VERB	1919	733696	951598	0.771014651144706	160707	238753	0.6731098666823034
burned_VERB	1949	1260252	1652154	0.7627932989297608	321379	468240	0.6863552878865539
burned_VERB	1979	3999440	4852924	0.8241299472235708	1020497	1379782	0.7396074162440154
catched_VERB	1769	1588	20820	0.07627281460134486	990	6202	0.15962592712028378
catched_VERB	1799	4036	124298	0.03247035350528568	2603	29908	0.08703356961348134
catched_VERB	1829	4053	359493	0.011274211180746218	2786	69161	0.040282818351383004
catched_VERB	1859	3710	710652	0.005220558022773453	2645	113965	0.02320887991927346
catched_VERB	1889	6355	1588917	0.0039995795878576415	4068	232047	0.01753093123375868
catched_VERB	1919	3854	1556234	0.0024764913245694416	2421	218038	0.011103569102633486
catched_VERB	1949	5918	3169316	0.0018672798799488596	3871	515278	0.007512449590318236
catched_VERB	1979	14412	12487808	0.0011540856489785877	9011	1677404	0.0053719914820758745
cleaved_VERB	1769	163	419	0.38902147971360385	139	351	0.396011396011396
cleaved_VERB	1799	1216	3025	0.40198347107438015	871	2153	0.40455178820250814
cleaved_VERB	1829	2790	7510	0.3715046604527297	2309	6261	0.3687909279667785
cleaved_VERB	1859	3177	10012	0.3173192169396724	2576	8284	0.31096088845968134
cleaved_VERB	1889	4451	14726	0.302254515822355	3433	12023	0.285536055892872
cleaved_VERB	1919	4277	10524	0.4064044089699734	3057	8361	0.36562612127735916
cleaved_VERB	1949	33171	40867	0.8116817970489637	13833	20461	0.6760666634084356
cleaved_VERB	1979	197181	219381	0.8988061864974634	64659	81863	0.7898440076713533
climbed_VERB	1769	1477	1489	0.9919408999328408	959	969	0.9896800825593395
climbed_VERB	1799	9922	10043	0.9879518072289156	5993	6079	0.9858529363382135
climbed_VERB	1829	37256	38150	0.9765661861074705	19036	19740	0.9643363728470111
climbed_VERB	1859	97606	99226	0.9836736339265918	40968	42286	0.9688312916804617
climbed_VERB	1889	302948	305525	0.991565338352017	101970	103901	0.9814150008180864
climbed_VERB	1919	391078	392510	0.9963516853073807	102689	103721	0.9900502309079164
climbed_VERB	1949	772542	774459	0.9975247237103578	216523	217775	0.9942509470784067
climbed_VERB	1979	3104123	3108054	0.9987352214601162	747037	749429	0.996808236670852
creeped_VERB	1769	193	4198	0.04597427346355407	115	2609	0.04407819087773093
creeped_VERB	1799	374	24635	0.015181652120966106	258	14346	0.017984107068172314
creeped_VERB	1829	376	73765	0.005097268352199553	286	35935	0.007958814526227912
creeped_VERB	1859	205	134114	0.001528550337772343	170	57874	0.0029374157652832015
creeped_VERB	1889	238	274909	0.0008657410270307629	217	108008	0.0020091104362639804
creeped_VERB	1919	204	234641	0.0008694132738950141	173	92839	0.0018634410107821067
creeped_VERB	1949	655	311694	0.002101419982418654	595	154695	0.003846278160250816
creeped_VERB	1979	8559	1117066	0.007662036083812416	7345	477862	0.015370546308348436
dared_VERB	1769	11106	20617	0.5386816704661201	4059	7021	0.5781227745335422
dared_VERB	1799	68284	117263	0.5823149672104585	20833	34242	0.6084048828923544
dared_VERB	1829	196361	258164	0.760605661517485	52199	71562	0.7294234370196473
dared_VERB	1859	291692	338508	0.8616989849575195	78806	96130	0.8197857068553002
dared_VERB	1889	525085	582353	0.9016610200342404	147876	169088	0.8745505299015897
dared_VERB	1919	421994	450144	0.9374644558185825	127510	138394	0.92135497203636
dared_VERB	1949	663576	702163	0.9450455236177355	237991	255014	0.9332468021363532
dared_VERB	1979	1717123	1792108	0.9581582136790863	636496	667801	0.9531222624704067
delved_VERB	1799	329	334	0.9850299401197605	271	276	0.9818840579710145
delved_VERB	1829	1156	1163	0.9939810834049871	1019	1025	0.9941463414634146
delved_VERB	1859	2691	2705	0.9948243992606285	2424	2434	0.9958915365653246
delved_VERB	1889	8033	8048	0.9981361829025845	7352	7363	0.9985060437321743
delved_VERB	1919	12102	12122	0.9983501072430292	10652	10670	0.9983130271790066
delved_VERB	1949	26170	26230	0.9977125428898208	22992	23042	0.997830049474872
delved_VERB	1979	95808	95886	0.9991865340091358	80270	80338	0.9991535761408051
dived_VERB	1769	358	416	0.8605769230769231	316	360	0.8777777777777778
dived_VERB	1799	2184	2492	0.8764044943820225	1743	2023	0.8615916955017301
dived_VERB	1829	8129	8982	0.9050322867958138	5936	6647	0.8930344516323153
dived_VERB	1859	14362	15757	0.911467919020118	9734	10950	0.8889497716894977
dived_VERB	1889	35854	40252	0.8907383484050482	21881	25454	0.8596291349100338
dived_VERB	1919	54705	62504	0.8752239856649174	26005	30990	0.8391416585995483
dived_VERB	1949	97005	115567	0.8393832149315981	44980	57244	0.7857592062050172
dived_VERB	1979	287462	442122	0.6501870524425385	145500	239802	0.6067505692196061
drawed_VERB	1769	30	138781	0.00021616791923966536	16	16302	0.000981474665685192
drawed_VERB	1799	83	750790	0.00011055022043447569	67	73539	0.0009110811950121704
drawed_VERB	1829	323	1860412	0.00017361745677839103	237	168951	0.0014027735852406911
drawed_VERB	1859	1222	2711000	0.00045075617853190705	832	264875	0.0031411042944785275
drawed_VERB	1889	3686	5041787	0.0007310899885298606	2312	532217	0.004344092729093584
drawed_VERB	1919	3132	4255015	0.0007360726107898562	1610	510710	0.003152474006774882
drawed_VERB	1949	3504	8613382	0.000406808846977877	2052	1209173	0.0016970276378979682
drawed_VERB	1979	10620	21856600	0.00048589442090718596	6504	3412740	0.001905800031646126
dreamed_VERB	1769	2010	2995	0.671118530884808	1259	1979	0.6361798888327438
dreamed_VERB	1799	13403	20676	0.648239504739795	7756	12797	0.6060795498945065
dreamed_VERB	1829	66709	90593	0.73635932136037	30036	44185	0.6797782052732828
dreamed_VERB	1859	132124	175819	0.751477371615127	54089	78922	0.6853475583487494
dreamed_VERB	1889	329846	396721	0.8314306527761324	124127	161764	0.7673338938206276
dreamed_VERB	1919	313623	369960	0.8477213752838144	113911	144979	0.7857068954814146
dreamed_VERB	1949	524085	638892	0.8203029620029676	211981	274323	0.7727423511699711
dreamed_VERB	1979	1700201	2045057	0.8313709593424535	678263	871188	0.778549520884126
dwelled_VERB	1769	488	9608	0.0507910074937552	265	4187	0.06329113924050633
dwelled_VERB	1799	1510	66910	0.022567628157226124	955	23202	0.0411602448064822
dwelled_VERB	1829	2296	213474	0.010755408152749281	1489	60227	0.024723130821724476
dwelled_VERB	1859	3000	293354	0.010226552220184487	1665	86831	0.01917517937142265
dwelled_VERB	1889	5752	429541	0.01339103834092671	3156	147244	0.021433810545760778
dwelled_VERB	1919	5191	229491	0.022619623427498247	3289	96180	0.03419629860677895
dwelled_VERB	1949	20069	318893	0.06293333500578564	14416	152398	0.0945944172495702
dwelled_VERB	1979	99993	691314	0.14464194273513917	70371	344361	0.20435240924494935
freezed_VERB	1769	12	4541	0.0026425897379431843	12	2129	0.0056364490371066224
freezed_VERB	1799	53	26591	0.0019931555789552855	41	11291	0.003631210698786644
freezed_VERB	1829	96	72669	0.0013210584981216199	72	30309	0.002375532020192022
freezed_VERB	1859	94	113288	0.0008297436621707506	73	48817	0.001495380707540406
freezed_VERB	1889	159	227756	0.000698115527143083	141	104076	0.0013547791998155193
freezed_VERB	1919	123	256907	0.0004787724740859533	110	110636	0.0009942514190679345
freezed_VERB	1949	635	680807	0.0009327166142533787	524	280084	0.0018708673112352008
freezed_VERB	1979	1642	2762637	0.0005943596643351985	1455	1087410	0.001338041768973984
gnawed_VERB	1769	304	322	0.9440993788819876	264	281	0.9395017793594306
gnawed_VERB	1799	2135	2244	0.9514260249554367	1733	1838	0.9428726877040261
gnawed_VERB	1829	7135	7298	0.977665113729789	5430	5590	0.9713774597495528
gnawed_VERB	1859	14398	14562	0.9887378107402829	10100	10249	0.9854619962923212
gnawed_VERB	1889	25652	25960	0.988135593220339	19217	19495	0.9857399333162349
gnawed_VERB	1919	23052	23397	0.985254519810232	17070	17245	0.9898521310524789
gnawed_VERB	1949	38491	38868	0.9903005042708655	29582	29859	0.9907230650725074
gnawed_VERB	1979	136228	136897	0.9951131142391725	101597	102136	0.9947227226443174
growed_VERB	1769	44	51306	0.0008575995010330176	24	12411	0.0019337684312303602
growed_VERB	1799	124	254916	0.0004864347471323887	75	57203	0.0013111200461514256
growed_VERB	1829	490	717727	0.000682710835735593	302	139334	0.002167453744240458
growed_VERB	1859	1760	1501862	0.0011718786413132498	1411	234966	0.006005124145621069
growed_VERB	1889	5616	3397104	0.001653172820143275	4172	494364	0.008439125826314214
growed_VERB	1919	5667	3450928	0.0016421669765350074	3922	483681	0.008108650122704841
growed_VERB	1949	8405	6907911	0.0012167209450150704	5611	1121212	0.005004405946422264
growed_VERB	1979	22413	20254365	0.0011065762861486893	14709	3410347	0.004313050842040414
hanged_VERB	1769	9261	27404	0.3379433659319807	3019	8411	0.3589347283319463
hanged_VERB	1799	49867	161733	0.3083291597880457	14941	41978	0.35592453189766066
hanged_VERB	1829	111644	434814	0.2567626617358227	31310	96445	0.3246409870910882
hanged_VERB	1859	155323	677320	0.22931996692848283	42289	145119	0.2914091194123444
hanged_VERB	1889	255364	1250302	0.20424185516779148	82040	282082	0.29083741607050434
hanged_VERB	1919	180817	1051381	0.17198047139904563	63702	234748	0.27136333429890774
hanged_VERB	1949	329246	1755083	0.18759568635785315	121176	452272	0.26792726500866737
hanged_VERB	1979	762306	6187885	0.12319330433581102	292061	1336203	0.2185753212648078
heaved_VERB	1769	723	1271	0.5688434303697876	488	812	0.6009852216748769
heaved_VERB	1799	6317	11216	0.5632132667617689	4087	6437	0.6349231008233649
heaved_VERB	1829	17945	34238	0.5241252409603364	11485	18423	0.6234055257015687
heaved_VERB	1859	25543	42768	0.5972456041900487	17122	25450	0.6727701375245579
heaved_VERB	1889	52432	80529	0.6510946367147239	32210	46083	0.6989562311481458
heaved_VERB	1919	51367	77601	0.6619373461682195	29646	42321	0.7005032962359112
heaved_VERB	1949	91451	129812	0.7044880288417096	53201	73802	0.720861223273082
heaved_VERB	1979	412549	500768	0.8238325931369417	208516	253894	0.8212718693628049
helped_VERB	1769	4969	5099	0.9745048048636987	2515	2610	0.9636015325670498
helped_VERB	1799	27395	28912	0.9475304371887106	12789	13609	0.9397457564846793
helped_VERB	1829	102596	105141	0.9757944094121228	40225	41718	0.9642120907042524
helped_VERB	1859	303984	306737	0.991024884510183	88508	90305	0.9801007696140857
helped_VERB	1889	879591	883210	0.995902446756717	209007	211580	0.9878391152282825
helped_VERB	1919	1238254	1240597	0.9981113931437848	226407	227956	0.9932048290020882
helped_VERB	1949	3839602	3843346	0.9990258488306804	597119	599899	0.9953658865909095
helped_VERB	1979	14129108	14135521	0.9995463202240653	1927454	1931954	0.9976707519951303
hewed_VERB	1769	2500	5941	0.42080457835381246	1585	3702	0.4281469475958941
hewed_VERB	1799	3929	14959	0.2626512467410923	2815	8374	0.3361595414377836
hewed_VERB	1829	8033	34430	0.23331397037467325	6346	20442	0.31043929165443696
hewed_VERB	1859	11725	47742	0.24559088433664278	8909	28386	0.3138518988233636
hewed_VERB	1889	21208	69715	0.3042099978483827	15524	45834	0.3387005279923201
hewed_VERB	1919	13633	43642	0.31238256725172997	10620	31601	0.3360653143887852
hewed_VERB	1949	20882	69340	0.3011537352177675	16687	48841	0.3416596711779038
hewed_VERB	1979	42786	142435	0.30038965141994595	33270	101200	0.32875494071146244
kneeled_VERB	1769	1226	1876	0.6535181236673774	734	1177	0.6236193712829227
kneeled_VERB	1799	7753	17762	0.43649363810381714	4343	9405	0.46177565124933545
kneeled_VERB	1829	17511	72866	0.24031784371311724	9228	31613	0.2919052288615443
kneeled_VERB	1859	17349	118013	0.14700922779693762	9735	48951	0.1988723417294846
kneeled_VERB	1889	23321	193658	0.12042363341560897	13697	80930	0.1692450265661683
kneeled_VERB	1919	13345	133949	0.09962747015655211	8137	57765	0.1408638448887735
kneeled_VERB	1949	20168	204060	0.09883367636969519	13187	93459	0.14109930557784697
kneeled_VERB	1979	100286	1042745	0.09617499964037228	60951	390252	0.1561836966882937
knowed_VERB	1769	31	346652	8.942686036716938e-05	8	19108	0.0004186728072011723
knowed_VERB	1799	158	1996437	7.914098967310263e-05	107	80865	0.0013231929759475668
knowed_VERB	1829	2277	5118945	0.00044481821937918846	918	186811	0.004914057523379244
knowed_VERB	1859	9649	8285568	0.0011645550431786933	3968	299036	0.013269305367915568
knowed_VERB	1889	29343	16316922	0.0017983171090724095	9351	611131	0.015301138381132687
knowed_VERB	1919	25142	15665929	0.0016048840767757852	6331	602273	0.010511844296523338
knowed_VERB	1949	32600	33107670	0.0009846660909692527	8532	1434916	0.005945992657409911
knowed_VERB	1979	109646	102620907	0.0010684567424452797	31179	4263421	0.007313141254405793
leaned_VERB	1769	1658	1852	0.8952483801295896	1091	1238	0.8812600969305331
leaned_VERB	1799	11984	14136	0.8477645727221279	7223	8784	0.8222905282331512
leaned_VERB	1829	44853	55254	0.8117602345531545	21936	27962	0.7844932408268365
leaned_VERB	1859	88165	111606	0.78996648925685	36351	48951	0.7425997425997426
leaned_VERB	1889	288533	326636	0.8833472121872665	79040	96120	0.8223054515189346
leaned_VERB	1919	312313	348257	0.8967888656940133	75090	89453	0.8394352341453054
leaned_VERB	1949	541326	589057	0.9189704901223481	151115	173626	0.8703477589761902
leaned_VERB	1979	4088093	4249971	0.9619107989207456	562035	624253	0.9003320768983089
leaped_VERB	1769	2599	3147	0.8258659040355895	1540	1914	0.8045977011494253
leaped_VERB	1799	16716	19938	0.8383990370147457	8818	10991	0.8022927850059139
leaped_VERB	1829	49627	58603	0.8468337798406225	23569	29536	0.797975352112676
leaped_VERB	1859	84000	103841	0.8089290357373292	36037	47806	0.7538175124461365
leaped_VERB	1889	210235	264460	0.7949595401951146	73152	99052	0.7385211807939264
leaped_VERB	1919	183282	255236	0.7180883574417402	60267	90530	0.665713023307191
leaped_VERB	1949	259982	376212	0.691051853742039	103652	159385	0.6503246855099288
leaped_VERB	1979	951067	1529158	0.6219546966369728	324145	555198	0.5838367573370221
learned_VERB	1769	46121	54204	0.8508781639731385	7559	10567	0.7153402100880099
learned_VERB	1799	267171	328144	0.8141882831927446	34444	51832	0.6645315635128878
learned_VERB	1829	700831	834109	0.8402151277590818	82340	118532	0.6946647318867479
learned_VERB	1859	1021724	1253547	0.8150663676750852	126290	182640	0.6914695575996496
learned_VERB	1889	2121291	2482811	0.8543908497263787	262153	347026	0.7554275472154824
learned_VERB	1919	2226022	2548055	0.8736161503578219	250395	323008	0.7751975183277194
learned_VERB	1949	5187105	5832272	0.8893798163048637	589988	749402	0.7872783899696024
learned_VERB	1979	17263012	18664510	0.9249110745473629	1883242	2273261	0.8284319310453133
pitched_VERB	1769	5961	5989	0.9953247620637836	2566	2589	0.9911162611046737
pitched_VERB	1799	29072	29237	0.9943564661216951	11545	11675	0.9888650963597431
pitched_VERB	1829	75201	75364	0.9978371636325036	27980	28130	0.9946676146462851
pitched_VERB	1859	104256	104468	0.997970670444538	41035	41186	0.9963337056281261
pitched_VERB	1889	164495	165008	0.9968910598274023	73031	73391	0.9950947663882492
pitched_VERB	1919	122083	122369	0.9976628067566132	58959	59168	0.9964676852352623
pitched_VERB	1949	218502	218949	0.9979584286751709	112490	112836	0.9969336027508952
pitched_VERB	1979	782752	783423	0.9991435022969711	371759	372264	0.9986434358412309
quaked_VERB	1769	132	144	0.9166666666666666	123	132	0.9318181818181818
quaked_VERB	1799	836	852	0.9812206572769953	718	734	0.9782016348773842
quaked_VERB	1829	2774	2786	0.9956927494615937	2476	2488	0.9951768488745981
quaked_VERB	1859	4404	4410	0.998639455782313	3774	3780	0.9984126984126984
quaked_VERB	1889	8278	8291	0.9984320347364612	6807	6818	0.9983866236432971
quaked_VERB	1919	5798	5822	0.9958777052559258	4929	4952	0.9953554119547657
quaked_VERB	1949	8985	9027	0.9953472914589565	7604	7643	0.9948972916394087
quaked_VERB	1979	37075	37164	0.9976052093423743	29636	29703	0.9977443355889978
shaked_VERB	1769	39	13174	0.002960376499165022	36	6574	0.005476118040766657
shaked_VERB	1799	457	93860	0.00486895376092052	387	39915	0.009695603156708005
shaked_VERB	1829	1024	286785	0.003570619104904371	584	98429	0.005933210740736978
shaked_VERB	1859	656	486318	0.0013489116175013057	545	151048	0.0036081245696732165
shaked_VERB	1889	965	1060448	0.0009099927577778448	798	274943	0.002902419774280487
shaked_VERB	1919	733	1028937	0.0007123856951397413	541	242352	0.0022322902224863007
shaked_VERB	1949	1891	1720947	0.0010988136183159621	1381	485231	0.0028460671309129054
shaked_VERB	1979	3801	8829636	0.00043048207196763263	2932	1438564	0.0020381435931943245
sheared_VERB	1769	55	691	0.07959479015918958	43	446	0.09641255605381166
sheared_VERB	1799	577	5732	0.1006629448709002	459	4030	0.11389578163771712
sheared_VERB	1829	1731	20489	0.08448435746010054	1303	14972	0.08702912102591503
sheared_VERB	1859	4291	33110	0.12959830866807612	2650	23987	0.1104765081085588
sheared_VERB	1889	13744	63836	0.21530171063349834	7599	44896	0.16925784034212402
sheared_VERB	1919	17171	57067	0.30089193404244136	9740	39089	0.24917495970733455
sheared_VERB	1949	37908	105022	0.3609529431928548	21626	71626	0.30192946695334094
sheared_VERB	1979	95585	227753	0.41968711718396684	59301	162637	0.3646218265216402
shined_VERB	1769	517	6055	0.08538398018166804	319	3121	0.10221082986222364
shined_VERB	1799	3712	45717	0.08119517903624472	2417	20446	0.11821383155629463
shined_VERB	1829	7951	133961	0.059353095303857094	4892	51108	0.09571886984425139
shined_VERB	1859	6264	201689	0.031057717575078463	4569	73183	0.062432532145443614
shined_VERB	1889	7111	357080	0.01991430491766551	5550	122267	0.04539246076210261
shined_VERB	1919	8845	265113	0.03336313194750917	6951	94772	0.0733444477271768
shined_VERB	1949	19703	368977	0.05339899234911661	15421	157382	0.09798452173692036
shined_VERB	1979	121487	1271433	0.09555124021478127	83092	522976	0.1588830080156642
slayed_VERB	1769	18	13570	0.0013264554163596167	18	3030	0.005940594059405941
slayed_VERB	1799	31	106550	0.00029094321914594086	31	18420	0.0016829533116178067
slayed_VERB	1829	91	232202	0.00039190015589874334	74	42720	0.0017322097378277153
slayed_VERB	1859	140	270412	0.0005177285031729361	119	56522	0.0021053748982697005
slayed_VERB	1889	229	354218	0.0006464945316161234	191	88808	0.0021507071435005855
slayed_VERB	1919	319	185034	0.0017240074797064324	237	56765	0.004175107900995331
slayed_VERB	1949	833	274319	0.0030366106613103723	715	93412	0.007654262835609986
slayed_VERB	1979	5501	639675	0.008599679524758666	4634	226928	0.020420573926531762
slinked_VERB	1769	1	84	0.011904761904761904	1	74	0.013513513513513514
slinked_VERB	1799	20	1774	0.011273957158962795	17	1445	0.011764705882352941
slinked_VERB	1829	52	5983	0.008691291993982952	45	4761	0.00945179584120983
slinked_VERB	1859	75	11074	0.006772620552645837	73	8573	0.008515105563979938
slinked_VERB	1889	170	22072	0.0077020659659296845	158	16994	0.009297399082028951
slinked_VERB	1919	226	17876	0.01264264936227344	205	13204	0.01552559830354438
slinked_VERB	1949	555	20739	0.02676117459858238	524	16565	0.03163296106248113
slinked_VERB	1979	9474	90389	0.10481363882773347	8159	69704	0.11705210604843337
smelled_VERB	1769	273	882	0.30952380952380953	195	655	0.29770992366412213
smelled_VERB	1799	1448	5388	0.26874536005939126	1053	4185	0.25161290322580643
smelled_VERB	1829	3408	15336	0.2222222222222222	2664	11495	0.23175293605915614
smelled_VERB	1859	6021	31122	0.19346443030653557	4549	21391	0.212659529708756
smelled_VERB	1889	25075	76028	0.32981270058399537	16671	48707	0.3422711314595438
smelled_VERB	1919	57188	110397	0.5180213230431986	27947	57458	0.48639005882557695
smelled_VERB	1949	149750	230452	0.6498099387291063	68221	114672	0.5949229105622994
smelled_VERB	1979	1066803	1272264	0.8385075738997566	356729	464254	0.7683918716909278
sneaked_VERB	1769	126	127	0.9921259842519685	116	117	0.9914529914529915
sneaked_VERB	1799	814	817	0.996328029375765	708	711	0.9957805907172996
sneaked_VERB	1829	2251	2251	1.0	1922	1922	1.0
sneaked_VERB	1859	4021	4023	0.9995028585632613	3350	3352	0.9994033412887828
sneaked_VERB	1889	13048	13089	0.9968675987470395	9910	9945	0.9964806435394671
sneaked_VERB	1919	21192	21668	0.97803212110024	14388	14732	0.9766494705403204
sneaked_VERB	1949	46454	49533	0.9378394201845235	32037	34482	0.9290934400556812
sneaked_VERB	1979	219604	327205	0.6711511132164851	144129	214201	0.6728680071521608
spelled_VERB	1769	349	1297	0.2690824980724749	220	733	0.30013642564802184
spelled_VERB	1799	2248	7576	0.2967265047518479	1458	4611	0.3162003903708523
spelled_VERB	1829	9328	24360	0.38292282430213465	4689	12772	0.3671312245537112
spelled_VERB	1859	20210	47974	0.4212698545045233	10443	25031	0.4172026686908234
spelled_VERB	1889	63995	104805	0.6106101808119841	32592	57401	0.5677949861500671
spelled_VERB	1919	94025	128111	0.73393385423578	43060	64093	0.6718362379667047
spelled_VERB	1949	362079	443371	0.8166501643093481	163985	211713	0.7745627335118769
spelled_VERB	1979	1129464	1368519	0.8253184647052763	537900	670043	0.8027842989181291
spilled_VERB	1769	238	1971	0.12075088787417554	204	1355	0.15055350553505534
spilled_VERB	1799	1952	10268	0.1901051811453058	1593	7375	0.216
spilled_VERB	1829	6547	22296	0.2936401148188016	5185	16191	0.32023963930578714
spilled_VERB	1859	10696	28519	0.3750482134717206	8439	22135	0.3812514117912808
spilled_VERB	1889	29086	55419	0.524838051931648	22361	43487	0.5141996458711799
spilled_VERB	1919	49053	70262	0.6981440892658906	32968	49682	0.6635803711605813
spilled_VERB	1949	144828	179608	0.8063560643178478	94454	122038	0.773972041495272
spilled_VERB	1979	792527	887598	0.8928895738836725	436167	510800	0.8538899765074394
spoiled_VERB	1769	5013	5463	0.9176276771004942	2591	2901	0.8931402964495002
spoiled_VERB	1799	27509	29562	0.9305527366213382	13601	15093	0.9011462267276221
spoiled_VERB	1829	58114	66356	0.8757911869310989	30676	36276	0.8456279633917742
spoiled_VERB	1859	87066	113620	0.7662911459250132	46241	62806	0.7362513135687673
spoiled_VERB	1889	170111	223399	0.7614671507034498	90876	121858	0.7457532537871949
spoiled_VERB	1919	148857	195868	0.7599863173157433	79694	106925	0.7453261631985036
spoiled_VERB	1949	238265	304265	0.78308382495522	138891	180258	0.7705122657524215
spoiled_VERB	1979	631368	759128	0.831701636614642	380659	463147	0.8218967196160183
strewed_VERB	1769	2424	2611	0.9283799310608962	1542	1704	0.9049295774647887
strewed_VERB	1799	19263	21004	0.9171110264711484	10387	11710	0.8870196413321947
strewed_VERB	1829	54074	72960	0.7411458333333333	26748	37669	0.7100799065544612
strewed_VERB	1859	44038	104476	0.42151307477315364	26010	57314	0.45381582161426526
strewed_VERB	1889	35952	151837	0.23678023143239132	25483	91374	0.27888677304265985
strewed_VERB	1919	15613	100481	0.15538260964759507	12236	65357	0.18721789555824167
strewed_VERB	1949	22708	164721	0.13785734666496682	16614	110342	0.1505682333109786
strewed_VERB	1979	53249	504310	0.10558783288056948	37337	331810	0.11252524034839215
stringed_VERB	1769	38	742	0.05121293800539083	28	570	0.04912280701754386
stringed_VERB	1799	166	4822	0.03442554956449606	126	3770	0.033421750663129975
stringed_VERB	1829	284	14810	0.019176232275489535	262	11170	0.023455684870188002
stringed_VERB	1859	487	28596	0.01703035389564974	408	20404	0.019996079200156832
stringed_VERB	1889	897	69869	0.012838311697605518	766	46676	0.016411003513582996
stringed_VERB	1919	1056	75400	0.014005305039787799	836	48386	0.0172777249617658
stringed_VERB	1949	2607	162779	0.016015579405205833	1997	104400	0.019128352490421455
stringed_VERB	1979	6004	477043	0.012585867521376479	4823	309921	0.015562030323856725
strived_VERB	1769	35	4687	0.007467463196074248	30	2294	0.013077593722755012
strived_VERB	1799	353	26872	0.013136350104197678	277	12865	0.02153128643606685
strived_VERB	1829	905	97604	0.009272160977009138	680	41601	0.016345760919208672
strived_VERB	1859	652	165385	0.003942316413217644	555	74755	0.007424252558357301
strived_VERB	1889	1182	285834	0.004135267322991666	1039	138203	0.007517926528367691
strived_VERB	1919	1545	210661	0.007334058036371232	1352	109800	0.012313296903460839
strived_VERB	1949	10516	347882	0.030228640746000082	8902	199328	0.044660057794188475
strived_VERB	1979	64238	764841	0.08398869830461494	53455	462679	0.1155336637279842
swelled_VERB	1769	8720	9483	0.9195402298850575	3276	3662	0.894593118514473
swelled_VERB	1799	34362	42943	0.8001769787858324	15225	19983	0.7618976129710253
swelled_VERB	1829	74784	134771	0.5548968249846035	34095	57210	0.5959622443628736
swelled_VERB	1859	84832	232150	0.3654189101873789	42376	83151	0.5096270640160672
swelled_VERB	1889	118495	374345	0.31653955575738957	68618	141878	0.48364087455419447
swelled_VERB	1919	94668	270617	0.34982281231408224	55859	121293	0.46052946171666953
swelled_VERB	1949	176078	519237	0.3391091158757947	109384	248699	0.43982484851165465
swelled_VERB	1979	545823	1528167	0.3571749684425851	328644	755003	0.435288336602636
telled_VERB	1769	6	153673	3.9043943958925774e-05	5	8957	0.0005582226191805292
telled_VERB	1799	73	825113	8.847273040177528e-05	68	38608	0.001761292996270203
telled_VERB	1829	418	2114840	0.00019765088611904447	264	89342	0.002954937207584339
telled_VERB	1859	1125	3527651	0.0003189090984340571	648	141454	0.004580994528256535
telled_VERB	1889	2511	6790732	0.00036976867884051383	1028	280734	0.0036618293473537227
telled_VERB	1919	1278	6671078	0.0001915732359897456	491	266484	0.0018425121208027499
telled_VERB	1949	1058	14259236	7.419752362609048e-05	522	612476	0.0008522782933535355
telled_VERB	1979	5712	53783728	0.00010620312522776406	2347	1925838	0.0012186902532819479
throwed_VERB	1769	27	95410	0.00028298920448590297	14	14680	0.0009536784741144414
throwed_VERB	1799	52	522340	9.955201592832254e-05	44	66993	0.000656785037242697
throwed_VERB	1829	387	1446105	0.0002676154221166513	278	157324	0.0017670539777783429
throwed_VERB	1859	1104	1943258	0.0005681180779906734	779	243212	0.0032029669588671613
throwed_VERB	1889	3881	3005790	0.001291174699496638	2482	470707	0.005272919247005037
throwed_VERB	1919	5543	2142789	0.002586815594069225	2476	417168	0.005935258696736087
throwed_VERB	1949	8322	3479516	0.0023917119507425744	3915	824392	0.004748954380925579
throwed_VERB	1979	24259	10255376	0.002365491036116082	12943	2383927	0.00542927698708895
waked_VERB	1769	1463	1628	0.8986486486486487	937	1063	0.8814675446848542
waked_VERB	1799	7029	8941	0.7861536740856727	4491	5741	0.782267897578819
waked_VERB	1829	16241	32834	0.49463970274715235	10297	19793	0.5202344263123326
waked_VERB	1859	24553	81133	0.30262655146487866	15168	43679	0.34726069736028753
waked_VERB	1889	52511	189803	0.2766605375046759	30938	94153	0.32859282232111564
waked_VERB	1919	34364	200576	0.1713265794511806	20101	85702	0.23454528482415812
waked_VERB	1949	36729	390620	0.09402744355127746	22653	164200	0.13795980511571254
waked_VERB	1979	87027	2087661	0.04168636574616281	49944	730413	0.06837775340800342
weaved_VERB	1769	53	2332	0.022727272727272728	49	1753	0.027952082144894468
weaved_VERB	1799	397	14283	0.027795281103409647	326	9609	0.03392652721407014
weaved_VERB	1829	697	49975	0.013946973486743371	648	28061	0.02309254837675065
weaved_VERB	1859	953	98849	0.009640967536343312	790	52146	0.015149771794576765
weaved_VERB	1889	2122	236114	0.00898718415680561	1808	119670	0.01510821425587031
weaved_VERB	1919	2950	291399	0.010123576264846482	2469	124444	0.019840249429462248
weaved_VERB	1949	8696	551491	0.01576816303439222	7156	246730	0.029003364001134842
weaved_VERB	1979	60759	1530026	0.039711089876904054	47464	757584	0.06265179834843397
worked_VERB	1769	12534	31506	0.3978289849552466	3959	8765	0.45168282943525384
worked_VERB	1799	77534	190647	0.40668880181697065	20415	44657	0.45715117450791587
worked_VERB	1829	312284	585831	0.5330615826065879	62167	120356	0.5165259729469242
worked_VERB	1859	799248	1149403	0.695359243015722	120063	204787	0.5862823323746136
worked_VERB	1889	2046964	2562158	0.7989218463498348	272781	427898	0.6374907104029465
worked_VERB	1919	2587247	2860212	0.9045647665277958	286289	395218	0.7243824927002313
worked_VERB	1949	6722141	7096458	0.9472529816987574	695109	867517	0.8012626841894741
worked_VERB	1979	22955698	23787578	0.9650288062113763	2085505	2488077	0.8381995412521397
bended_VERB	1769	591	7989	0.07397671798723245	387	3951	0.0979498861047836
bended_VERB	1799	2021	51745	0.03905691371146971	1611	21501	0.07492674759313521
bended_VERB	1829	3772	165270	0.022823258909662976	2974	54419	0.054650030320292545
bended_VERB	1859	3913	297613	0.013147947166286419	3160	89357	0.03536376556956926
bended_VERB	1889	4911	619749	0.007924175755023405	4285	175398	0.024430153137436003
bended_VERB	1919	2919	510305	0.005720108562526333	2342	149957	0.015617810438992512
bended_VERB	1949	4617	815753	0.005659801434993191	3565	290426	0.012275071791093084
bended_VERB	1979	11763	2867038	0.004102840632039059	9342	848607	0.011008629436240805
bited_VERB	1769	315	3352	0.09397374701670644	284	2041	0.13914747672709457
bited_VERB	1799	1063	18041	0.05892134582340225	1001	10883	0.09197831480290361
bited_VERB	1829	1061	42078	0.025215076762203525	1009	25285	0.039905082064465094
bited_VERB	1859	588	81823	0.007186243476773034	559	45570	0.012266842220759272
bited_VERB	1889	307	174924	0.0017550479065194028	286	97471	0.0029342060715494864
bited_VERB	1919	174	183482	0.000948321906236034	155	97860	0.001583895360719395
bited_VERB	1949	778	361159	0.002154175861601123	693	193476	0.003581839608013397
bited_VERB	1979	1266	1794527	0.0007054783795395667	1149	732898	0.0015677488545472905
blended_VERB	1769	7266	7291	0.9965711150733781	3378	3398	0.9941141848145968
blended_VERB	1799	37437	37531	0.9974954037995257	16687	16768	0.9951693702290076
blended_VERB	1829	97547	98454	0.9907875759237816	39399	40153	0.9812218265135856
blended_VERB	1859	105938	108015	0.980771189186687	47592	49132	0.9686558658308231
blended_VERB	1889	133812	137875	0.9705312783318223	70764	73966	0.9567098396560582
blended_VERB	1919	105343	107315	0.9816241904673159	56633	58198	0.9731090415478195
blended_VERB	1949	237604	239565	0.9918143301400455	123767	125448	0.9866000255085773
blended_VERB	1979	777959	782774	0.9938487992702875	388620	392270	0.9906951844392893
builded_VERB	1769	675	82947	0.008137726500054251	345	7627	0.04523403697390848
builded_VERB	1799	5069	457699	0.011074964113970099	2465	36313	0.06788202572081624
builded_VERB	1829	12083	1039571	0.011623063744563863	6579	87239	0.07541351918293424
builded_VERB	1859	18074	1656349	0.010911951527123813	10890	140124	0.07771687933544574
builded_VERB	1889	45076	3551044	0.012693731758885557	26442	304762	0.08676278538662957
builded_VERB	1919	28604	3697462	0.007736117369157546	17371	305108	0.05693393814649239
builded_VERB	1949	22071	8390050	0.0026306160273180733	14502	710713	0.020404861033919457
builded_VERB	1979	44182	21640266	0.0020416569740871024	26649	2066068	0.012898413798577781
chided_VERB	1769	51	792	0.06439393939393939	42	547	0.07678244972577697
chided_VERB	1799	476	4765	0.09989506820566632	400	3244	0.12330456226880394
chided_VERB	1829	1727	7580	0.2278364116094987	1457	5939	0.24532749621148342
chided_VERB	1859	2595	9780	0.26533742331288346	2238	7391	0.3028007035583818
chided_VERB	1889	7411	16881	0.43901427640542623	6174	13320	0.4635135135135135
chided_VERB	1919	12936	18301	0.7068466204032566	10152	14165	0.7166960818919873
chided_VERB	1949	46705	52685	0.886495207364525	35559	40387	0.8804565825636962
chided_VERB	1979	226408	240831	0.940111530492337	147816	158645	0.931740678874216
glided_VERB	1769	823	829	0.9927623642943305	593	599	0.989983305509182
glided_VERB	1799	8194	8225	0.9962310030395137	4842	4871	0.9940463970437282
glided_VERB	1829	36809	36896	0.9976420208152645	17459	17542	0.9952684984608369
glided_VERB	1859	56777	56866	0.9984349171737066	28075	28160	0.9969815340909091
glided_VERB	1889	82765	82906	0.9982992787011796	42439	42578	0.9967354032598995
glided_VERB	1919	49647	49763	0.9976689508269196	26586	26698	0.9958049292081804
glided_VERB	1949	65734	65994	0.9960602479013244	39361	39565	0.9948439277138885
glided_VERB	1979	299302	299861	0.9981358029220205	162809	163315	0.9969016930471788
lighted_VERB	1769	5866	9757	0.6012093881315979	2973	5344	0.5563248502994012
lighted_VERB	1799	45578	63753	0.7149153765313004	17708	28141	0.6292597988699762
lighted_VERB	1829	158535	207232	0.765012160284126	49463	74100	0.6675168690958164
lighted_VERB	1859	257816	369940	0.6969130129210143	78724	127945	0.6152956348430967
lighted_VERB	1889	473639	740209	0.6398719821023522	146078	245356	0.5953716232739367
lighted_VERB	1919	319785	634768	0.5037824843092279	110160	208227	0.5290380210059215
lighted_VERB	1949	365032	1069696	0.34124835467272946	151844	385341	0.39405098341468986
lighted_VERB	1979	723326	3758038	0.19247437093504643	291408	1129542	0.2579877507874873
melted_VERB	1769	11559	12232	0.9449803793328974	3442	4013	0.8577124345875903
melted_VERB	1799	48381	49378	0.9798088217424764	16601	17359	0.9563338902010484
melted_VERB	1829	112017	113225	0.9893309781408699	40188	41174	0.9760528488852188
melted_VERB	1859	173049	175789	0.9844131316521512	60786	62908	0.9662682011826794
melted_VERB	1889	303229	312162	0.971383448337722	108929	114849	0.9484540570662348
melted_VERB	1919	250668	262512	0.9548820625342841	90843	97418	0.9325073395060461
melted_VERB	1949	407624	432924	0.9415601814637211	167076	181167	0.9222209342761098
melted_VERB	1979	1278506	1346008	0.9498502237728156	514665	552549	0.931437754841652
pleaded_VERB	1769	13001	13351	0.9737847352258258	3564	3746	0.9514148424986653
pleaded_VERB	1799	58357	59396	0.9825072395447505	17105	17823	0.9597149750322617
pleaded_VERB	1829	125787	127836	0.983971651178072	36010	37389	0.9631174944502394
pleaded_VERB	1859	162088	164526	0.9851816734133206	51558	53327	0.9668273107431508
pleaded_VERB	1889	256543	261316	0.981734757917617	91663	94952	0.9653614457831325
pleaded_VERB	1919	211364	218337	0.9680631317641993	78538	83289	0.942957653471647
pleaded_VERB	1949	441468	455055	0.970142070738702	171641	180779	0.9494520934400567
pleaded_VERB	1979	1282681	1365001	0.9396923518737349	511602	553618	0.9241065138778002
slided_VERB	1769	11	1320	0.008333333333333333	11	959	0.011470281543274244
slided_VERB	1799	469	4139	0.11331239429813965	418	3275	0.12763358778625955
slided_VERB	1829	1103	13711	0.08044635693968347	966	9646	0.10014513788098693
slided_VERB	1859	1012	28176	0.03591709256104486	887	18374	0.0482747360400566
slided_VERB	1889	941	86125	0.010925979680696661	786	45961	0.0171014555819064
slided_VERB	1919	413	126696	0.0032597714213550544	371	52061	0.007126255738460652
slided_VERB	1949	1195	264624	0.004515841344700405	956	104891	0.009114223336606572
slided_VERB	1979	3803	2160097	0.0017605690855549542	3143	460188	0.006829817378984241
speeded_VERB	1769	40	652	0.06134969325153374	33	423	0.07801418439716312
speeded_VERB	1799	433	5426	0.07980095834869148	340	3379	0.10062148564664102
speeded_VERB	1829	1214	20885	0.058127842949485274	1053	12424	0.08475531229877656
speeded_VERB	1859	1657	45793	0.03618456969405805	1399	25695	0.054446390348316796
speeded_VERB	1889	7802	112876	0.06912009638895779	5961	58882	0.1012363710471791
speeded_VERB	1919	39156	125775	0.31131782945736436	26519	70557	0.37585214790878296
speeded_VERB	1949	120167	248999	0.48260033172823985	83064	154906	0.5362219668702309
speeded_VERB	1979	190931	773717	0.24677110623134815	142708	439401	0.3247785052833289
spitted_VERB	1769	125	322	0.38819875776397517	108	262	0.4122137404580153
spitted_VERB	1799	620	2105	0.29453681710213775	549	1576	0.3483502538071066
spitted_VERB	1829	1412	6642	0.21258657031014755	1265	5267	0.24017467248908297
spitted_VERB	1859	2511	15843	0.1584927097140693	2168	10937	0.1982262046264972
spitted_VERB	1889	4061	41192	0.09858710429209555	3636	26965	0.13484146115334694
spitted_VERB	1919	2639	69910	0.03774853382920898	2327	35779	0.06503815087062244
spitted_VERB	1949	4148	133736	0.031016330681342345	3544	70196	0.05048720724827625
spitted_VERB	1979	11202	577304	0.01940398819339551	9402	264954	0.03548540501370049
threaded_VERB	1769	90	106	0.8490566037735849	74	90	0.8222222222222222
threaded_VERB	1799	705	834	0.8453237410071942	606	723	0.8381742738589212
threaded_VERB	1829	8348	8573	0.97375481161787	6130	6336	0.9674873737373737
threaded_VERB	1859	17769	18096	0.9819297082228117	12494	12801	0.9760174986329193
threaded_VERB	1889	53920	54506	0.9892488900304554	29536	30091	0.9815559469608853
threaded_VERB	1919	54397	54639	0.9955709291897729	28474	28703	0.9920217398878166
threaded_VERB	1949	107324	107648	0.9969901902497027	55034	55328	0.9946862348178138
threaded_VERB	1979	331815	332479	0.9980028813849897	181256	181871	0.9966184823308829
treaded_VERB	1769	10	4938	0.002025111381125962	8	3105	0.0025764895330112722
treaded_VERB	1799	24	30775	0.0007798537774167343	24	18882	0.001271051795360661
treaded_VERB	1829	70	90582	0.0007727804641098673	70	52456	0.001334451730974531
treaded_VERB	1859	166	121530	0.0013659178803587591	125	72602	0.0017217156552161098
treaded_VERB	1889	292	165569	0.0017636151695063689	281	107825	0.0026060746580106654
treaded_VERB	1919	566	106216	0.005328764028018377	537	72685	0.007388044300749811
treaded_VERB	1949	2275	148858	0.015283021402947775	2012	107368	0.018739289173683032
treaded_VERB	1979	15574	363946	0.04279206255873124	13552	259978	0.052127487710498584
sitted_VERB	1769	3671	20120	0.18245526838966203	978	5441	0.1797463701525455
sitted_VERB	1799	3203	204601	0.01565485994692108	820	30271	0.027088632684747777
sitted_VERB	1829	31	653975	4.7402423640047404e-05	14	71086	0.00019694454604282137
sitted_VERB	1859	64	1191712	5.370425069144223e-05	31	110010	0.00028179256431233525
sitted_VERB	1889	19	2495567	7.613500258658654e-06	14	207038	6.762043682802191e-05
sitted_VERB	1919	30	2486277	1.2066233971516448e-05	25	184696	0.00013535756053190107
sitted_VERB	1949	401	3984185	0.0001006479367800441	206	396622	0.00051938621659918
sitted_VERB	1979	850	17831042	4.766967628700555e-05	525	1306172	0.00040193787648181096
betted_VERB	1769	15	62	0.24193548387096775	15	62	0.24193548387096775
betted_VERB	1799	173	435	0.39770114942528734	166	426	0.38967136150234744
betted_VERB	1829	410	923	0.4442036836403034	369	860	0.4290697674418605
betted_VERB	1859	579	1596	0.36278195488721804	546	1540	0.35454545454545455
betted_VERB	1889	657	2897	0.2267863306869175	622	2733	0.22758873033296745
betted_VERB	1919	512	3991	0.1282886494612879	481	3630	0.1325068870523416
betted_VERB	1949	504	8711	0.05785788084031684	485	7710	0.062905317769131
betted_VERB	1979	1091	46825	0.023299519487453284	1051	39577	0.026555827879829193
fitted_VERB	1769	648	673	0.962852897473997	580	604	0.9602649006622517
fitted_VERB	1799	3958	4016	0.9855577689243028	3525	3577	0.9854626782219738
fitted_VERB	1829	10294	10537	0.9769384075163708	9252	9469	0.9770831133171402
fitted_VERB	1859	14210	14507	0.9795271248362859	13038	13326	0.9783881134624043
fitted_VERB	1889	26775	27382	0.9778321525089475	24649	25238	0.9766621760836833
fitted_VERB	1919	24368	24973	0.975773835742602	22847	23433	0.974992531899458
fitted_VERB	1949	42139	46592	0.9044256524725275	39477	43729	0.9027647556541426
fitted_VERB	1979	84119	140424	0.5990357773599955	78539	131761	0.5960716752301516
knitted_VERB	1769	0	59	0.0	0	55	0.0
knitted_VERB	1799	33	220	0.15	33	220	0.15
knitted_VERB	1829	142	884	0.16063348416289594	141	858	0.16433566433566432
knitted_VERB	1859	595	1939	0.30685920577617326	575	1852	0.31047516198704106
knitted_VERB	1889	1799	4343	0.4142297950725305	1716	4157	0.4127976906422901
knitted_VERB	1919	2408	4153	0.5798218155550204	2289	3972	0.5762839879154078
knitted_VERB	1949	3934	6324	0.6220746363061354	3657	5939	0.6157602289947802
knitted_VERB	1979	15601	22727	0.6864522374268491	14341	20934	0.6850578007069839
patted_VERB	1769	112	122	0.9180327868852459	105	115	0.9130434782608695
patted_VERB	1799	106	180	0.5888888888888889	99	173	0.5722543352601156
patted_VERB	1829	391	488	0.8012295081967213	387	484	0.7995867768595041
patted_VERB	1859	1283	1456	0.8811813186813187	1240	1412	0.8781869688385269
patted_VERB	1889	5807	6000	0.9678333333333333	5368	5558	0.965815041381792
patted_VERB	1919	10494	10593	0.9906542056074766	8737	8834	0.9890196966266697
patted_VERB	1949	19435	19661	0.9885051625044504	15656	15861	0.9870752159384654
patted_VERB	1979	171409	172346	0.9945632622747265	125191	126081	0.9929410458356136
quitted_VERB	1769	4095	4133	0.9908057101379143	2666	2703	0.9863115057343692
quitted_VERB	1799	20973	21150	0.9916312056737588	14043	14209	0.9883172637061017
quitted_VERB	1829	43126	43967	0.9808720176496009	27414	28208	0.9718519568916619
quitted_VERB	1859	36088	37691	0.957469953039187	24572	25984	0.9456588669950738
quitted_VERB	1889	37407	43883	0.8524257685208395	27579	33273	0.828870255161843
quitted_VERB	1919	12433	25176	0.4938433428662218	9671	20494	0.4718942129403728
quitted_VERB	1949	15985	50894	0.31408417495186075	12459	42047	0.29631127072086
quitted_VERB	1979	40158	196601	0.2042614228818775	28137	161359	0.17437515106067836
thrusted_VERB	1769	2	178	0.011235955056179775	2	171	0.011695906432748537
thrusted_VERB	1799	10	1627	0.006146281499692686	10	1550	0.0064516129032258064
thrusted_VERB	1829	13	5496	0.0023653566229985446	13	5205	0.0024975984630163303
thrusted_VERB	1859	9	11740	0.0007666098807495741	9	10651	0.0008449910806497043
thrusted_VERB	1889	10	30843	0.0003242226761339688	10	27034	0.00036990456462232746
thrusted_VERB	1919	15	30971	0.00048432404507442445	15	26102	0.0005746686077695196
thrusted_VERB	1949	43	43378	0.0009912859052976163	40	37818	0.0010576973927759268
thrusted_VERB	1979	246	150830	0.0016309752701717166	233	125411	0.0018578912535583004
wedded_VERB	1769	84	86	0.9767441860465116	73	75	0.9733333333333334
wedded_VERB	1799	379	404	0.9381188118811881	352	376	0.9361702127659575
wedded_VERB	1829	1861	2000	0.9305	1542	1680	0.9178571428571428
wedded_VERB	1859	3035	3366	0.9016636957813429	2784	3102	0.8974854932301741
wedded_VERB	1889	6780	7588	0.893516078017923	5400	6175	0.8744939271255061
wedded_VERB	1919	3249	4228	0.7684484389782403	2562	3437	0.745417515274949
wedded_VERB	1949	3413	5440	0.627389705882353	3129	4890	0.6398773006134969
wedded_VERB	1979	8018	21745	0.3687284433203035	7429	18544	0.40061475409836067
wetted_VERB	1799	120	144	0.8333333333333334	119	142	0.8380281690140845
wetted_VERB	1829	333	408	0.8161764705882353	320	393	0.8142493638676844
wetted_VERB	1859	423	547	0.773308957952468	413	534	0.7734082397003745
wetted_VERB	1889	713	1057	0.674550614947966	707	1038	0.6811175337186898
wetted_VERB	1919	819	1879	0.43587014369345395	768	1667	0.46070785842831435
wetted_VERB	1949	1134	3490	0.3249283667621776	1096	3226	0.3397396156230626
wetted_VERB	1979	3167	17490	0.18107489994282447	3043	15237	0.19971122924460197
