awoke_VERB	1769	365	889	0.41057367829021374
awoke_VERB	1781	747	1539	0.4853801169590643
awoke_VERB	1793	2305	3744	0.6156517094017094
awoke_VERB	1805	5377	8472	0.6346789423984891
awoke_VERB	1817	12207	16474	0.7409857957994416
awoke_VERB	1829	21855	25914	0.8433665200277842
awoke_VERB	1841	33962	38197	0.8891274183836427
awoke_VERB	1853	45882	50850	0.9023008849557522
awoke_VERB	1865	48343	52145	0.9270879278933742
awoke_VERB	1877	63958	68869	0.9286907026383424
awoke_VERB	1889	87205	92867	0.9390310874691763
awoke_VERB	1901	108220	115276	0.9387903813456401
awoke_VERB	1913	85034	88646	0.9592536606276652
awoke_VERB	1925	67224	70426	0.9545338369352228
awoke_VERB	1937	52924	55008	0.9621146015125073
awoke_VERB	1949	67818	70186	0.966261077707805
awoke_VERB	1961	108819	113191	0.9613750209822336
awoke_VERB	1973	131547	134612	0.977230856090096
awoke_VERB	1985	227735	231596	0.9833287276118758
awoke_VERB	1997	638134	653917	0.9758639093340592
blew_VERB	1769	1774	1835	0.9667574931880109
blew_VERB	1781	2657	2734	0.9718361375274324
blew_VERB	1793	5328	5442	0.9790518191841234
blew_VERB	1805	12677	12855	0.9861532477635161
blew_VERB	1817	19533	19805	0.9862660944206009
blew_VERB	1829	25754	26210	0.982602060282335
blew_VERB	1841	34548	35153	0.9827895200978579
blew_VERB	1853	43589	44595	0.9774414171992376
blew_VERB	1865	42058	43238	0.9727091909894074
blew_VERB	1877	55925	57438	0.9736585535708068
blew_VERB	1889	86216	88821	0.9706713502437486
blew_VERB	1901	118113	121612	0.9712281682728678
blew_VERB	1913	108112	111036	0.9736661983500846
blew_VERB	1925	108285	111034	0.9752418178215682
blew_VERB	1937	113678	115768	0.9819466519245388
blew_VERB	1949	145781	148334	0.9827888413984657
blew_VERB	1961	224166	228009	0.9831454021551781
blew_VERB	1973	288006	292501	0.9846325311708336
blew_VERB	1985	529176	535563	0.9880742321631629
blew_VERB	1997	1268307	1283499	0.9881636058929536
burnt_VERB	1769	5976	8533	0.700339857025665
burnt_VERB	1781	7785	13085	0.5949560565533053
burnt_VERB	1793	16546	27175	0.6088684452621895
burnt_VERB	1805	39905	59318	0.672730031356418
burnt_VERB	1817	59069	91127	0.6482052520109298
burnt_VERB	1829	73066	127037	0.5751552697245684
burnt_VERB	1841	88822	179525	0.49476117532377106
burnt_VERB	1853	99013	221762	0.4464831666381075
burnt_VERB	1865	99766	237225	0.4205543260617557
burnt_VERB	1877	118463	322567	0.3672508347103082
burnt_VERB	1889	127774	406076	0.31465538470631116
burnt_VERB	1901	158661	562095	0.28226723240733326
burnt_VERB	1913	105690	442776	0.23869857444847958
burnt_VERB	1925	96411	383583	0.25134325556659187
burnt_VERB	1937	67814	353507	0.1918321277937919
burnt_VERB	1949	103982	459588	0.22625046781029967
burnt_VERB	1961	196334	773526	0.2538169369872506
burnt_VERB	1973	182071	886483	0.20538577727942894
burnt_VERB	1985	229296	1379552	0.16621047992391733
burnt_VERB	1997	533703	3005929	0.17755010181544542
caught_VERB	1769	4335	4901	0.8845133646194654
caught_VERB	1781	7944	8639	0.9195508739437435
caught_VERB	1793	20122	20877	0.9638358001628586
caught_VERB	1805	38768	40462	0.9581335574118927
caught_VERB	1817	68325	70239	0.9727501815230855
caught_VERB	1829	106986	108547	0.985619132725916
caught_VERB	1841	142558	144092	0.9893540238181162
caught_VERB	1853	206032	207728	0.9918354771624432
caught_VERB	1865	250471	251858	0.9944929285549794
caught_VERB	1877	356335	357920	0.9955716361198033
caught_VERB	1889	517926	520231	0.9955692759562579
caught_VERB	1901	734558	737844	0.9955464840806457
caught_VERB	1913	669443	671006	0.997670661663234
caught_VERB	1925	617581	619555	0.996813842193187
caught_VERB	1937	595434	596515	0.9981878075153181
caught_VERB	1949	846766	848173	0.9983411403098189
caught_VERB	1961	1441599	1444737	0.9978279783794559
caught_VERB	1973	1966550	1969387	0.9985594502248669
caught_VERB	1985	3549022	3552607	0.9989908819072867
caught_VERB	1997	7832857	7842220	0.998806077870807
clove_VERB	1769	30	88	0.3409090909090909
clove_VERB	1781	16	71	0.22535211267605634
clove_VERB	1793	40	199	0.20100502512562815
clove_VERB	1805	147	546	0.2692307692307692
clove_VERB	1817	300	1008	0.2976190476190476
clove_VERB	1829	428	1266	0.3380726698262243
clove_VERB	1841	787	2000	0.3935
clove_VERB	1853	900	2165	0.41570438799076215
clove_VERB	1865	1003	2153	0.465861588481189
clove_VERB	1877	1220	2721	0.4483645718485851
clove_VERB	1889	1905	3537	0.5385920271416454
clove_VERB	1901	2371	4403	0.5384964796729502
clove_VERB	1913	1728	3299	0.5237950894210367
clove_VERB	1925	1610	3107	0.5181847441261668
clove_VERB	1937	934	2930	0.31877133105802047
clove_VERB	1949	1099	5810	0.1891566265060241
clove_VERB	1961	1767	15782	0.11196299581802054
clove_VERB	1973	2139	41441	0.05161554981781328
clove_VERB	1985	3345	73722	0.04537315862293481
clove_VERB	1997	8916	110863	0.08042358586724155
crept_VERB	1769	1206	1224	0.9852941176470589
crept_VERB	1781	1618	1757	0.9208878770631759
crept_VERB	1793	3522	3602	0.9777901166018879
crept_VERB	1805	7620	7745	0.9838605551969012
crept_VERB	1817	14300	14505	0.9858669424336436
crept_VERB	1829	21258	21395	0.9935966347277402
crept_VERB	1841	30271	30423	0.995003780034842
crept_VERB	1853	41290	41425	0.9967410983705491
crept_VERB	1865	49536	49624	0.9982266645171691
crept_VERB	1877	64943	65012	0.9989386574786193
crept_VERB	1889	91944	92026	0.9991089474713668
crept_VERB	1901	126303	126412	0.9991377400879663
crept_VERB	1913	113667	113761	0.9991737062789532
crept_VERB	1925	98231	98336	0.9989322323462415
crept_VERB	1937	78963	79015	0.999341897108144
crept_VERB	1949	95045	95159	0.9988020050652067
crept_VERB	1961	142842	143125	0.9980227074235808
crept_VERB	1973	164005	164562	0.9966152574713482
crept_VERB	1985	284169	285517	0.9952787399699492
crept_VERB	1997	733485	740397	0.9906644678463041
dove_VERB	1769	10	96	0.10416666666666667
dove_VERB	1781	14	178	0.07865168539325842
dove_VERB	1793	69	467	0.14775160599571735
dove_VERB	1805	87	704	0.12357954545454546
dove_VERB	1817	186	1463	0.127136021872864
dove_VERB	1829	190	2348	0.08091993185689948
dove_VERB	1841	404	4066	0.09936055090998525
dove_VERB	1853	483	4755	0.10157728706624605
dove_VERB	1865	542	6065	0.08936521022258863
dove_VERB	1877	629	7505	0.08381079280479681
dove_VERB	1889	1103	11919	0.09254132058058562
dove_VERB	1901	2038	17645	0.11550014168319638
dove_VERB	1913	2649	23421	0.11310362495196619
dove_VERB	1925	2405	21753	0.11055946306256609
dove_VERB	1937	4002	28018	0.1428367478049825
dove_VERB	1949	4207	34786	0.12093945840280573
dove_VERB	1961	8370	52224	0.16027113970588236
dove_VERB	1973	15105	67324	0.22436278296001427
dove_VERB	1985	39315	123200	0.3191152597402597
dove_VERB	1997	106225	280155	0.3791651050311435
dreamt_VERB	1769	285	867	0.328719723183391
dreamt_VERB	1781	394	1216	0.32401315789473684
dreamt_VERB	1793	999	2621	0.38115223197252956
dreamt_VERB	1805	2164	6407	0.33775557983455595
dreamt_VERB	1817	4416	12560	0.35159235668789807
dreamt_VERB	1829	7261	23433	0.3098621602014253
dreamt_VERB	1841	10021	38102	0.26300456668941263
dreamt_VERB	1853	13076	53449	0.2446444273980804
dreamt_VERB	1865	15888	61645	0.2577337983615865
dreamt_VERB	1877	21333	89783	0.23760622835057862
dreamt_VERB	1889	24512	134001	0.18292400802979084
dreamt_VERB	1901	30259	180044	0.16806447312879075
dreamt_VERB	1913	25014	168052	0.148846785518768
dreamt_VERB	1925	25157	150303	0.16737523535791035
dreamt_VERB	1937	18270	134281	0.13605796799249337
dreamt_VERB	1949	31019	179142	0.17315314108360966
dreamt_VERB	1961	53250	297921	0.1787386589062201
dreamt_VERB	1973	60967	343871	0.17729613721424603
dreamt_VERB	1985	94127	582177	0.1616810695029175
dreamt_VERB	1997	220300	1280838	0.17199677086407492
dwelt_VERB	1769	2235	2326	0.9608770421324162
dwelt_VERB	1781	4099	4380	0.9358447488584475
dwelt_VERB	1793	8557	8821	0.9700714204738692
dwelt_VERB	1805	21651	22353	0.9685948194873172
dwelt_VERB	1817	37978	38638	0.9829183705160722
dwelt_VERB	1829	61625	62554	0.985148831409662
dwelt_VERB	1841	89719	90579	0.9905055255633204
dwelt_VERB	1853	105530	106464	0.991227081454764
dwelt_VERB	1865	105879	106937	0.9901063242843917
dwelt_VERB	1877	138779	140294	0.9892012488060786
dwelt_VERB	1889	168605	170691	0.9877790861849776
dwelt_VERB	1901	191385	194001	0.9865155334250855
dwelt_VERB	1913	125172	127376	0.9826968973747017
dwelt_VERB	1925	98171	100273	0.9790372283665593
dwelt_VERB	1937	64756	66691	0.9709855902595552
dwelt_VERB	1949	87544	91210	0.9598070387018968
dwelt_VERB	1961	149141	158740	0.9395300491369535
dwelt_VERB	1973	118797	133800	0.8878699551569507
dwelt_VERB	1985	133891	161954	0.8267224026575447
dwelt_VERB	1997	400772	464503	0.8627974415665776
froze_VERB	1769	182	189	0.9629629629629629
froze_VERB	1781	291	293	0.9931740614334471
froze_VERB	1793	623	630	0.9888888888888889
froze_VERB	1805	1111	1136	0.9779929577464789
froze_VERB	1817	1771	1795	0.9866295264623955
froze_VERB	1829	2513	2543	0.9882029099488793
froze_VERB	1841	3701	3750	0.9869333333333333
froze_VERB	1853	5194	5224	0.9942572741194488
froze_VERB	1865	5660	5700	0.9929824561403509
froze_VERB	1877	7993	8034	0.9948966890714463
froze_VERB	1889	12541	12578	0.9970583558594371
froze_VERB	1901	17154	17256	0.9940890125173852
froze_VERB	1913	17051	17092	0.9976012169435994
froze_VERB	1925	18316	18376	0.9967348715716151
froze_VERB	1937	23237	23279	0.9981957987886078
froze_VERB	1949	31382	31508	0.9960010156150819
froze_VERB	1961	52464	52790	0.9938245879901496
froze_VERB	1973	88181	88580	0.9954955972002709
froze_VERB	1985	208052	208676	0.9970097184151507
froze_VERB	1997	484961	485763	0.9983489891160916
hung_VERB	1769	4928	7528	0.6546227417640808
hung_VERB	1781	7431	11763	0.6317266003570517
hung_VERB	1793	16360	23659	0.6914916099581555
hung_VERB	1805	36290	54600	0.6646520146520146
hung_VERB	1817	65000	91587	0.7097077096094424
hung_VERB	1829	91888	126286	0.7276182633070966
hung_VERB	1841	135071	181183	0.745494886385588
hung_VERB	1853	176536	232034	0.7608195350681366
hung_VERB	1865	185781	239724	0.7749787255343645
hung_VERB	1877	255891	332907	0.7686561111661816
hung_VERB	1889	348622	442780	0.7873481187045486
hung_VERB	1901	459262	583691	0.7868238502906504
hung_VERB	1913	375579	450165	0.8343140848355602
hung_VERB	1925	357364	438324	0.8152964473768263
hung_VERB	1937	324675	386723	0.8395544097454767
hung_VERB	1949	412981	500829	0.8245948217854797
hung_VERB	1961	646450	810753	0.7973451840449557
hung_VERB	1973	814162	968404	0.8407255649501654
hung_VERB	1985	1479450	1692511	0.8741154414949149
hung_VERB	1997	3498373	3970471	0.8810977337449386
hove_VERB	1769	136	327	0.41590214067278286
hove_VERB	1781	221	509	0.43418467583497056
hove_VERB	1793	622	1408	0.44176136363636365
hove_VERB	1805	1444	3341	0.4322059263693505
hove_VERB	1817	2939	6817	0.43112806219744754
hove_VERB	1829	5220	10428	0.5005753739930955
hove_VERB	1841	7043	14635	0.4812435941236761
hove_VERB	1853	7050	16591	0.42492917847025496
hove_VERB	1865	6004	15590	0.38511866581141757
hove_VERB	1877	7936	19497	0.40703698004821254
hove_VERB	1889	10716	29269	0.36612115207215823
hove_VERB	1901	12102	36071	0.3355049762967481
hove_VERB	1913	10753	31292	0.34363415569474626
hove_VERB	1925	10475	30935	0.33861322127040566
hove_VERB	1937	10069	30347	0.3317955646357136
hove_VERB	1949	12216	39339	0.31053153359261804
hove_VERB	1961	18203	58694	0.310133914880567
hove_VERB	1973	16590	74340	0.2231638418079096
hove_VERB	1985	20592	136327	0.15104858171895516
hove_VERB	1997	58601	321502	0.1822725830632469
hewn_VERB	1769	915	1813	0.504688361831219
hewn_VERB	1781	1537	2547	0.6034550451511582
hewn_VERB	1793	2555	3898	0.6554643406875321
hewn_VERB	1805	3742	5270	0.710056925996205
hewn_VERB	1817	5722	7372	0.7761801410743353
hewn_VERB	1829	7862	10198	0.7709354775446166
hewn_VERB	1841	11226	14550	0.7715463917525773
hewn_VERB	1853	12628	16823	0.7506390061225703
hewn_VERB	1865	13129	17275	0.76
hewn_VERB	1877	17569	23326	0.7531938609277201
hewn_VERB	1889	19183	26937	0.7121431488287485
hewn_VERB	1901	22207	31871	0.6967776348404505
hewn_VERB	1913	13765	20780	0.6624157844080847
hewn_VERB	1925	13329	18887	0.7057235135278234
hewn_VERB	1937	10032	14882	0.6741029431528021
hewn_VERB	1949	13914	20080	0.6929282868525897
hewn_VERB	1961	22989	32868	0.6994341000365096
hewn_VERB	1973	21817	31139	0.700632647162722
hewn_VERB	1985	25709	36444	0.7054384809570848
hewn_VERB	1997	63678	91244	0.6978869843496559
knelt_VERB	1769	62	429	0.1445221445221445
knelt_VERB	1781	302	843	0.3582443653618031
knelt_VERB	1793	1096	1914	0.5726227795193313
knelt_VERB	1805	2038	4787	0.42573636933361186
knelt_VERB	1817	7161	11665	0.6138876982426061
knelt_VERB	1829	13094	18926	0.6918524780724928
knelt_VERB	1841	24593	31591	0.7784812130037035
knelt_VERB	1853	33207	41147	0.8070333195615719
knelt_VERB	1865	37446	43954	0.8519361150293489
knelt_VERB	1877	47679	55261	0.8627965472937514
knelt_VERB	1889	62675	71703	0.8740917395367
knelt_VERB	1901	77876	88957	0.8754341985453646
knelt_VERB	1913	56976	63558	0.8964410459737563
knelt_VERB	1925	50331	56031	0.8982706002034588
knelt_VERB	1937	43083	47358	0.9097301406309388
knelt_VERB	1949	57253	62492	0.9161652691544517
knelt_VERB	1961	79609	89457	0.8899135897693864
knelt_VERB	1973	114289	125626	0.9097559422412558
knelt_VERB	1985	248371	269308	0.9222563013352741
knelt_VERB	1997	626829	699922	0.8955697920625441
leant_VERB	1769	29	484	0.05991735537190083
leant_VERB	1781	84	746	0.1126005361930295
leant_VERB	1793	229	1849	0.12385073012439156
leant_VERB	1805	548	4248	0.12900188323917136
leant_VERB	1817	1456	8661	0.16810991802332295
leant_VERB	1829	2752	13957	0.19717704377731604
leant_VERB	1841	4629	23734	0.19503665627370018
leant_VERB	1853	6383	32884	0.19410655638000243
leant_VERB	1865	8888	39828	0.22315958622074922
leant_VERB	1877	11190	56457	0.19820394282374196
leant_VERB	1889	13084	97711	0.13390508745177104
leant_VERB	1901	17622	157426	0.11193830752226443
leant_VERB	1913	16175	143234	0.11292709831464597
leant_VERB	1925	16481	135016	0.12206701427978907
leant_VERB	1937	10685	141506	0.07550916568908739
leant_VERB	1949	15499	181016	0.08562226543509965
leant_VERB	1961	20747	245901	0.08437135269885035
leant_VERB	1973	25148	436923	0.057557052386804995
leant_VERB	1985	38757	1154049	0.033583496021399435
leant_VERB	1997	109458	2821139	0.03879922258350262
leapt_VERB	1769	206	875	0.23542857142857143
leapt_VERB	1781	200	1326	0.15082956259426847
leapt_VERB	1793	392	3005	0.13044925124792014
leapt_VERB	1805	1151	6621	0.1738408095453859
leapt_VERB	1817	1821	11258	0.1617516432758927
leapt_VERB	1829	2382	16100	0.1479503105590062
leapt_VERB	1841	3855	24157	0.15958107380883388
leapt_VERB	1853	5496	34457	0.15950314885219258
leapt_VERB	1865	6732	36838	0.1827460774200554
leapt_VERB	1877	10352	50892	0.20341114517016426
leapt_VERB	1889	16802	84639	0.19851368754356738
leapt_VERB	1901	25400	124769	0.2035762088339251
leapt_VERB	1913	26949	114522	0.23531723162361817
leapt_VERB	1925	32399	105589	0.3068406746914925
leapt_VERB	1937	24629	90177	0.2731184226576622
leapt_VERB	1949	34763	112584	0.30877389327080224
leapt_VERB	1961	52123	169954	0.30668886875272133
leapt_VERB	1973	67799	219140	0.30938669343798486
leapt_VERB	1985	160170	409510	0.3911259798295524
leapt_VERB	1997	379466	994182	0.38168665294684473
learnt_VERB	1769	2199	13444	0.1635673906575424
learnt_VERB	1781	3291	24867	0.13234407045481963
learnt_VERB	1793	8525	48649	0.17523484552611565
learnt_VERB	1805	21320	110002	0.19381465791531063
learnt_VERB	1817	33721	185386	0.181896151812974
learnt_VERB	1829	41570	250561	0.1659077031142117
learnt_VERB	1841	53247	348960	0.15258768913342505
learnt_VERB	1853	72549	422248	0.17181608912297985
learnt_VERB	1865	85372	444893	0.19189333165502717
learnt_VERB	1877	112363	620994	0.18094055659152908
learnt_VERB	1889	133695	845924	0.15804611288957401
learnt_VERB	1901	164731	1133183	0.14537016527780597
learnt_VERB	1913	138529	1020768	0.13571056302705414
learnt_VERB	1925	145481	999841	0.14550413515749003
learnt_VERB	1937	101117	1031150	0.0980623575619454
learnt_VERB	1949	174763	1492182	0.11711909137089176
learnt_VERB	1961	313532	2758260	0.11367021238026873
learnt_VERB	1973	309639	3333453	0.09288836530768546
learnt_VERB	1985	388352	5405608	0.07184242734582308
learnt_VERB	1997	860379	11507279	0.07476824017215539
shook_VERB	1769	1584	1596	0.9924812030075187
shook_VERB	1781	2497	2508	0.9956140350877193
shook_VERB	1793	6406	6451	0.9930243373120446
shook_VERB	1805	14190	14383	0.9865813807967739
shook_VERB	1817	29501	29736	0.9920971213344094
shook_VERB	1829	42960	43537	0.9867469049314376
shook_VERB	1841	63026	63293	0.9957815240231938
shook_VERB	1853	88561	88879	0.996422101958843
shook_VERB	1865	104894	105102	0.998020970105231
shook_VERB	1877	141173	141483	0.997808924040344
shook_VERB	1889	222371	222707	0.9984912912481422
shook_VERB	1901	325709	326196	0.9985070325816381
shook_VERB	1913	300558	300853	0.9990194546838489
shook_VERB	1925	282018	282325	0.9989126007261135
shook_VERB	1937	282450	282723	0.9990343905518829
shook_VERB	1949	354028	354502	0.9986629130442142
shook_VERB	1961	489738	490778	0.9978809156074641
shook_VERB	1973	818986	819819	0.9989839220608452
shook_VERB	1985	2022863	2023952	0.9994619437615121
shook_VERB	1997	4973372	4975628	0.9995465898977979
shorn_VERB	1769	176	195	0.9025641025641026
shorn_VERB	1781	244	262	0.9312977099236641
shorn_VERB	1793	601	680	0.8838235294117647
shorn_VERB	1805	1957	2166	0.9035087719298246
shorn_VERB	1817	2813	3120	0.9016025641025641
shorn_VERB	1829	5151	5527	0.931970327483264
shorn_VERB	1841	8034	8815	0.9114010209869541
shorn_VERB	1853	10037	11192	0.8968012866333095
shorn_VERB	1865	10434	11849	0.8805806397164317
shorn_VERB	1877	13921	16216	0.8584731129748396
shorn_VERB	1889	17758	21145	0.8398202884842753
shorn_VERB	1901	22777	29451	0.7733863026722353
shorn_VERB	1913	18950	25916	0.7312085198333076
shorn_VERB	1925	16445	22492	0.7311488529254846
shorn_VERB	1937	14058	21899	0.6419471208730992
shorn_VERB	1949	19038	30034	0.6338816008523673
shorn_VERB	1961	33300	49889	0.6674818096173505
shorn_VERB	1973	29413	52135	0.5641699434161312
shorn_VERB	1985	37806	69353	0.5451242195723328
shorn_VERB	1997	79725	131364	0.6069014341828811
shone_VERB	1769	1534	1689	0.9082297217288336
shone_VERB	1781	2210	2411	0.916632102861883
shone_VERB	1793	5556	6042	0.9195630585898709
shone_VERB	1805	13232	14533	0.910479598155921
shone_VERB	1817	25011	27097	0.9230173081890984
shone_VERB	1829	35452	38903	0.911292188263116
shone_VERB	1841	52912	55917	0.9462596348158878
shone_VERB	1853	67311	70097	0.9602550751102045
shone_VERB	1865	72583	74869	0.969466668447555
shone_VERB	1877	93177	95864	0.9719707085037136
shone_VERB	1889	130427	133030	0.9804329850409682
shone_VERB	1901	158850	162085	0.9800413363358732
shone_VERB	1913	121680	124493	0.9774043520519226
shone_VERB	1925	106777	109934	0.971282769661797
shone_VERB	1937	88503	92651	0.9552298410162869
shone_VERB	1949	110523	115719	0.9550981256319186
shone_VERB	1961	158217	167188	0.9463418427159844
shone_VERB	1973	178191	190757	0.9341256153116269
shone_VERB	1985	295453	323445	0.9134566927916647
shone_VERB	1997	756836	843301	0.8974684009624084
slain_VERB	1769	3985	3987	0.9994983697015299
slain_VERB	1781	5969	5980	0.9981605351170568
slain_VERB	1793	13048	13057	0.9993107145592403
slain_VERB	1805	40734	40746	0.9997054925636872
slain_VERB	1817	56335	56350	0.9997338065661047
slain_VERB	1829	75613	75640	0.9996430460074035
slain_VERB	1841	93660	93709	0.9994771046537686
slain_VERB	1853	108754	108791	0.9996598983371786
slain_VERB	1865	96627	96665	0.9996068897739616
slain_VERB	1877	127729	127809	0.9993740659890931
slain_VERB	1889	143818	143929	0.9992287864155244
slain_VERB	1901	160018	160118	0.9993754605978091
slain_VERB	1913	96437	96497	0.99937821901199
slain_VERB	1925	84692	84815	0.9985497848257974
slain_VERB	1937	53739	53893	0.9971424860371477
slain_VERB	1949	76635	76786	0.9980334956893183
slain_VERB	1961	138580	138984	0.9970931905830887
slain_VERB	1973	115122	115760	0.994488597097443
slain_VERB	1985	149284	150713	0.9905184025266566
slain_VERB	1997	428039	431751	0.9914024518761971
slunk_VERB	1793	153	153	1.0
slunk_VERB	1805	492	505	0.9742574257425742
slunk_VERB	1817	1135	1142	0.9938704028021016
slunk_VERB	1829	1822	1841	0.9896795219989136
slunk_VERB	1841	2442	2460	0.9926829268292683
slunk_VERB	1853	3315	3344	0.9913277511961722
slunk_VERB	1865	4211	4232	0.9950378071833649
slunk_VERB	1877	5140	5180	0.9922779922779923
slunk_VERB	1889	7387	7436	0.993410435718128
slunk_VERB	1901	10338	10422	0.9919401266551525
slunk_VERB	1913	8423	8500	0.9909411764705882
slunk_VERB	1925	7788	7906	0.9850746268656716
slunk_VERB	1937	5616	5684	0.988036593947924
slunk_VERB	1949	6432	6523	0.9860493637896673
slunk_VERB	1961	9216	9468	0.973384030418251
slunk_VERB	1973	10123	10666	0.9490905681605101
slunk_VERB	1985	18739	20797	0.9010434197239987
slunk_VERB	1997	56589	63674	0.8887300939158841
smelt_VERB	1769	172	253	0.6798418972332015
smelt_VERB	1781	270	378	0.7142857142857143
smelt_VERB	1793	567	813	0.6974169741697417
smelt_VERB	1805	1351	1895	0.7129287598944591
smelt_VERB	1817	2189	2931	0.7468440805185943
smelt_VERB	1829	3329	4406	0.7555605991829324
smelt_VERB	1841	4824	6160	0.7831168831168831
smelt_VERB	1853	7360	9144	0.8048993875765529
smelt_VERB	1865	9462	11547	0.8194336191218499
smelt_VERB	1877	12054	15201	0.7929741464377343
smelt_VERB	1889	17626	23844	0.7392216071129005
smelt_VERB	1901	23757	36193	0.6563976459536375
smelt_VERB	1913	20732	34805	0.5956615428817699
smelt_VERB	1925	23072	42451	0.543497208546324
smelt_VERB	1937	18975	49132	0.38620451029878694
smelt_VERB	1949	24960	64585	0.3864674460013935
smelt_VERB	1961	36890	103286	0.357163603973433
smelt_VERB	1973	39272	152129	0.2581493337890869
smelt_VERB	1985	57162	348256	0.16413787558577597
smelt_VERB	1997	127879	834460	0.1532476092323179
snuck_VERB	1781	0	65	0.0
snuck_VERB	1793	1	108	0.009259259259259259
snuck_VERB	1805	1	251	0.00398406374501992
snuck_VERB	1817	1	484	0.002066115702479339
snuck_VERB	1829	0	605	0.0
snuck_VERB	1841	0	1027	0.0
snuck_VERB	1853	0	1235	0.0
snuck_VERB	1865	1	1409	0.0007097232079489
snuck_VERB	1877	1	1998	0.0005005005005005005
snuck_VERB	1889	2	3632	0.0005506607929515419
snuck_VERB	1901	14	6037	0.0023190326321020373
snuck_VERB	1913	83	7047	0.011778061586490706
snuck_VERB	1925	149	7898	0.0188655355786275
snuck_VERB	1937	269	10143	0.026520753228827763
snuck_VERB	1949	405	12408	0.032640232108317214
snuck_VERB	1961	1213	22484	0.053949475182351894
snuck_VERB	1973	4314	34949	0.123437008211966
snuck_VERB	1985	21117	85951	0.24568649579411525
snuck_VERB	1997	83631	220946	0.37851330189277016
spelt_VERB	1769	199	298	0.6677852348993288
spelt_VERB	1781	487	598	0.81438127090301
spelt_VERB	1793	734	1052	0.6977186311787072
spelt_VERB	1805	2119	3032	0.6988786279683378
spelt_VERB	1817	2737	3893	0.7030567685589519
spelt_VERB	1829	3881	6205	0.6254633360193392
spelt_VERB	1841	5958	9624	0.6190773067331671
spelt_VERB	1853	10085	15870	0.6354757403906742
spelt_VERB	1865	9862	16362	0.602738051582936
spelt_VERB	1877	13010	24273	0.5359864870432167
spelt_VERB	1889	14818	31339	0.472829381920291
spelt_VERB	1901	18632	49123	0.3792927956354457
spelt_VERB	1913	15392	50833	0.3027954281667421
spelt_VERB	1925	15191	48980	0.31014699877501023
spelt_VERB	1937	10863	52641	0.20636006154898273
spelt_VERB	1949	18176	95861	0.18960786972804372
spelt_VERB	1961	38469	211787	0.1816400440064782
spelt_VERB	1973	51661	293778	0.17585047212521018
spelt_VERB	1985	74029	451632	0.16391442590427605
spelt_VERB	1997	138012	758832	0.18187424884559428
spilt_VERB	1769	516	567	0.91005291005291
spilt_VERB	1781	736	858	0.8578088578088578
spilt_VERB	1793	1442	1732	0.8325635103926097
spilt_VERB	1805	3038	3590	0.8462395543175487
spilt_VERB	1817	4317	5492	0.7860524399126001
spilt_VERB	1829	5292	7178	0.7372527166341599
spilt_VERB	1841	6299	8892	0.7083895636527215
spilt_VERB	1853	7336	11040	0.6644927536231884
spilt_VERB	1865	6237	9995	0.6240120060030016
spilt_VERB	1877	8408	13710	0.613274981765135
spilt_VERB	1889	9816	18152	0.5407668576465403
spilt_VERB	1901	11976	24967	0.47967316858252895
spilt_VERB	1913	9199	25263	0.364129359141828
spilt_VERB	1925	9276	26499	0.3500509453186913
spilt_VERB	1937	7275	30800	0.2362012987012987
spilt_VERB	1949	9207	43503	0.2116405765119647
spilt_VERB	1961	17058	81245	0.2099575358483599
spilt_VERB	1973	17116	127705	0.1340276418307819
spilt_VERB	1985	24993	261449	0.09559416941736247
spilt_VERB	1997	61477	553304	0.11110890215866866
spoilt_VERB	1769	116	1633	0.07103490508266994
spoilt_VERB	1781	203	2316	0.08765112262521589
spoilt_VERB	1793	362	4338	0.0834485938220378
spoilt_VERB	1805	616	10578	0.05823407071280015
spoilt_VERB	1817	1206	16160	0.07462871287128713
spoilt_VERB	1829	2052	21300	0.09633802816901409
spoilt_VERB	1841	3626	27137	0.13361830710837602
spoilt_VERB	1853	5499	34431	0.15971072579942494
spoilt_VERB	1865	9260	40675	0.22765826674861708
spoilt_VERB	1877	14359	56433	0.2544433221696525
spoilt_VERB	1889	18093	74731	0.24210836199167682
spoilt_VERB	1901	25404	105503	0.24078936143995905
spoilt_VERB	1913	21256	88582	0.23995845657131246
spoilt_VERB	1925	21895	82469	0.26549370066327954
spoilt_VERB	1937	13651	67982	0.20080315377599953
spoilt_VERB	1949	20819	90660	0.2296382086918156
spoilt_VERB	1961	30479	140592	0.2167904290429043
spoilt_VERB	1973	28753	151445	0.18985770411700617
spoilt_VERB	1985	35217	218334	0.16129874412597214
spoilt_VERB	1997	78492	462362	0.16976308606676155
strewn_VERB	1769	36	608	0.05921052631578947
strewn_VERB	1781	70	1052	0.06653992395437262
strewn_VERB	1793	312	3146	0.09917355371900827
strewn_VERB	1805	433	6239	0.06940214778009296
strewn_VERB	1817	1077	12570	0.08568019093078759
strewn_VERB	1829	3213	20139	0.15954118873826903
strewn_VERB	1841	8402	32080	0.2619077306733167
strewn_VERB	1853	14202	37116	0.38263821532492726
strewn_VERB	1865	22066	39422	0.5597382172391051
strewn_VERB	1877	31441	48679	0.6458842622075227
strewn_VERB	1889	43536	60397	0.7208305048263987
strewn_VERB	1901	51936	66863	0.776752463993539
strewn_VERB	1913	39745	47774	0.8319378741574915
strewn_VERB	1925	35219	42252	0.8335463410016094
strewn_VERB	1937	30317	35032	0.8654087691253711
strewn_VERB	1949	39528	45317	0.8722554449764989
strewn_VERB	1961	67326	79562	0.8462079887383425
strewn_VERB	1973	75689	84152	0.8994319802262573
strewn_VERB	1985	124700	134137	0.9296465553874025
strewn_VERB	1997	285831	325863	0.8771508271881128
strung_VERB	1769	175	187	0.9358288770053476
strung_VERB	1781	308	319	0.9655172413793104
strung_VERB	1793	681	710	0.9591549295774648
strung_VERB	1805	1529	1599	0.9562226391494684
strung_VERB	1817	2667	2749	0.9701709712622771
strung_VERB	1829	4066	4157	0.9781092133750301
strung_VERB	1841	6087	6198	0.9820909970958374
strung_VERB	1853	8551	8697	0.9832126020466828
strung_VERB	1865	9697	9879	0.9815770827006782
strung_VERB	1877	14234	14475	0.9833506044905008
strung_VERB	1889	21920	22252	0.9850799928096351
strung_VERB	1901	32490	32923	0.9868481001123834
strung_VERB	1913	29107	29450	0.9883531409168081
strung_VERB	1925	29047	29444	0.9865167776117375
strung_VERB	1937	30752	31200	0.9856410256410256
strung_VERB	1949	42096	42709	0.9856470533142897
strung_VERB	1961	74585	75849	0.9833353109467494
strung_VERB	1973	90420	91863	0.9842918258711342
strung_VERB	1985	143215	145239	0.9860643491073334
strung_VERB	1997	280895	284162	0.9885030370000211
strove_VERB	1769	1190	1197	0.9941520467836257
strove_VERB	1781	1811	1831	0.9890770070999454
strove_VERB	1793	4212	4239	0.9936305732484076
strove_VERB	1805	8696	8809	0.9871722102395277
strove_VERB	1817	13654	13875	0.984072072072072
strove_VERB	1829	22142	22395	0.9887028354543425
strove_VERB	1841	36649	37105	0.9877105511386606
strove_VERB	1853	42529	42861	0.992254030470591
strove_VERB	1865	41993	42241	0.9941289268719964
strove_VERB	1877	63680	63948	0.9958090948895978
strove_VERB	1889	77071	77490	0.9945928506904117
strove_VERB	1901	97873	98453	0.9941088641280611
strove_VERB	1913	71360	71758	0.9944535800886313
strove_VERB	1925	62150	62701	0.9912122613674423
strove_VERB	1937	53310	54089	0.9855978110151787
strove_VERB	1949	71073	72741	0.977069328164309
strove_VERB	1961	124624	129320	0.9636869780389731
strove_VERB	1973	115490	125122	0.9230191333258739
strove_VERB	1985	151606	171000	0.8865847953216375
strove_VERB	1997	350164	389528	0.898944363434721
swollen_VERB	1769	202	2710	0.07453874538745388
swollen_VERB	1781	309	3988	0.07748244734202608
swollen_VERB	1793	868	7748	0.1120289106866288
swollen_VERB	1805	2013	13717	0.1467522052927025
swollen_VERB	1817	5947	24258	0.24515623711765192
swollen_VERB	1829	13532	37269	0.3630899675333387
swollen_VERB	1841	25091	55574	0.451488105948825
swollen_VERB	1853	39697	75753	0.5240320515359128
swollen_VERB	1865	50943	82806	0.6152090428229838
swollen_VERB	1877	78024	115501	0.6755266188171531
swollen_VERB	1889	88154	133902	0.6583471494077758
swollen_VERB	1901	119354	172983	0.6899753154934299
swollen_VERB	1913	89241	128459	0.6947041468484108
swollen_VERB	1925	65484	103799	0.6308731297989383
swollen_VERB	1937	69369	105622	0.6567665827195092
swollen_VERB	1949	99702	147169	0.6774660424410032
swollen_VERB	1961	156699	241596	0.6485993145581881
swollen_VERB	1973	187991	281711	0.6673186350550742
swollen_VERB	1985	299162	454894	0.6576521123602421
swollen_VERB	1997	579981	920066	0.6303689083174467
woke_VERB	1769	27	451	0.0598669623059867
woke_VERB	1781	53	692	0.07658959537572255
woke_VERB	1793	238	1260	0.18888888888888888
woke_VERB	1805	558	3147	0.1773117254528122
woke_VERB	1817	1191	5009	0.23777201038131363
woke_VERB	1829	3117	8059	0.3867725524258593
woke_VERB	1841	7214	13639	0.5289244079477967
woke_VERB	1853	13027	21520	0.6053438661710037
woke_VERB	1865	19898	28604	0.6956369738498113
woke_VERB	1877	29815	42043	0.7091549128273434
woke_VERB	1889	45567	64029	0.7116619032001125
woke_VERB	1901	60580	84556	0.7164482709683523
woke_VERB	1913	63473	82365	0.7706307290718145
woke_VERB	1925	63983	78296	0.8171937263717176
woke_VERB	1937	63701	74933	0.8501060947780017
woke_VERB	1949	87854	99521	0.8827684609278443
woke_VERB	1961	141971	159678	0.8891080800110222
woke_VERB	1973	223547	238194	0.9385081068372839
woke_VERB	1985	470611	490266	0.9599095185062803
woke_VERB	1997	1193513	1253593	0.9520737591865941
wove_VERB	1769	237	252	0.9404761904761905
wove_VERB	1781	290	309	0.9385113268608414
wove_VERB	1793	860	920	0.9347826086956522
wove_VERB	1805	1515	1650	0.9181818181818182
wove_VERB	1817	2003	2224	0.9006294964028777
wove_VERB	1829	2558	2801	0.9132452695465905
wove_VERB	1841	3761	4043	0.9302498144941875
wove_VERB	1853	4745	5089	0.9324032226370603
wove_VERB	1865	5305	5678	0.9343078548784783
wove_VERB	1877	7841	8249	0.9505394593284034
wove_VERB	1889	11211	11995	0.9346394330971238
wove_VERB	1901	16645	17587	0.9464377096719168
wove_VERB	1913	15626	16501	0.9469729107326829
wove_VERB	1925	17358	18350	0.9459400544959128
wove_VERB	1937	15744	17223	0.9141264588050863
wove_VERB	1949	20013	22230	0.9002699055330634
wove_VERB	1961	32604	36421	0.8951978254303836
wove_VERB	1973	38417	45348	0.8471597424362706
wove_VERB	1985	69169	85176	0.812071475533014
wove_VERB	1997	147679	188162	0.7848502885811163
bent_VERB	1769	2035	2200	0.925
bent_VERB	1781	2993	3314	0.9031382015691007
bent_VERB	1793	7036	7388	0.9523551705468327
bent_VERB	1805	15564	16344	0.9522760646108663
bent_VERB	1817	29494	30488	0.9673970086591446
bent_VERB	1829	45901	47115	0.9742332590470126
bent_VERB	1841	67919	69420	0.9783779890521463
bent_VERB	1853	90574	92276	0.981555333998006
bent_VERB	1865	105640	107101	0.9863586707873876
bent_VERB	1877	145164	146971	0.9877050574603153
bent_VERB	1889	207853	209670	0.9913340010492679
bent_VERB	1901	285241	287665	0.9915735317122347
bent_VERB	1913	239994	241410	0.9941344600472226
bent_VERB	1925	199448	200726	0.9936331118041509
bent_VERB	1937	189688	190583	0.9953038833474129
bent_VERB	1949	237008	238272	0.9946951383293043
bent_VERB	1961	366904	369339	0.9934071408651672
bent_VERB	1973	466884	468757	0.9960043263353934
bent_VERB	1985	816295	818810	0.9969284693640771
bent_VERB	1997	1779320	1787613	0.9953608527125278
bit_VERB	1769	502	570	0.8807017543859649
bit_VERB	1781	1032	1181	0.8738357324301439
bit_VERB	1793	1615	1864	0.8664163090128756
bit_VERB	1805	3116	3472	0.8974654377880185
bit_VERB	1817	4917	5473	0.8984103782203545
bit_VERB	1829	6020	6470	0.9304482225656878
bit_VERB	1841	7724	8080	0.9559405940594059
bit_VERB	1853	11368	11788	0.9643705463182898
bit_VERB	1865	13561	13811	0.9818984867134892
bit_VERB	1877	18922	19095	0.9909400366588113
bit_VERB	1889	29416	29565	0.9949602570607137
bit_VERB	1901	42117	42225	0.9974422735346359
bit_VERB	1913	39554	39648	0.9976291364003228
bit_VERB	1925	40123	40206	0.9979356314977864
bit_VERB	1937	38130	38177	0.9987688922649763
bit_VERB	1949	50854	51003	0.9970786032194184
bit_VERB	1961	88749	89101	0.9960494270546908
bit_VERB	1973	179940	180420	0.9973395410708347
bit_VERB	1985	419286	419762	0.9988660240803122
bit_VERB	1997	815770	816357	0.9992809518384727
blent_VERB	1769	5	1939	0.0025786487880350697
blent_VERB	1781	8	3168	0.0025252525252525255
blent_VERB	1793	31	6478	0.004785427601111454
blent_VERB	1805	24	12885	0.0018626309662398137
blent_VERB	1817	51	20352	0.0025058962264150942
blent_VERB	1829	191	31420	0.0060789306174411206
blent_VERB	1841	384	41136	0.009334889148191364
blent_VERB	1853	595	45556	0.013060848186846958
blent_VERB	1865	668	40645	0.016434985853118464
blent_VERB	1877	1146	47712	0.024019114688128774
blent_VERB	1889	1634	55529	0.029426065659385187
blent_VERB	1901	1799	60575	0.029698720594304583
blent_VERB	1913	1184	44776	0.026442737180632482
blent_VERB	1925	967	41975	0.02303752233472305
blent_VERB	1937	451	42335	0.010653123892760127
blent_VERB	1949	611	63038	0.009692566388527555
blent_VERB	1961	1019	111507	0.009138439739209197
blent_VERB	1973	648	143722	0.00450870430414272
blent_VERB	1985	873	230465	0.0037879938385438137
blent_VERB	1997	3625	473607	0.007654025383915356
built_VERB	1769	21531	21738	0.9904775048302512
built_VERB	1781	33286	33591	0.9909201869548391
built_VERB	1793	75024	75515	0.9934979805336688
built_VERB	1805	170669	172690	0.9882969482888413
built_VERB	1817	234392	237112	0.9885286278214515
built_VERB	1829	335992	339557	0.9895010263372571
built_VERB	1841	412965	418281	0.9872908403680779
built_VERB	1853	495291	500862	0.9888771757490087
built_VERB	1865	565159	571312	0.9892300529307979
built_VERB	1877	856356	865908	0.9889688050000693
built_VERB	1889	1088740	1102356	0.9876482733345671
built_VERB	1901	1681764	1703958	0.9869750310747096
built_VERB	1913	1477217	1495967	0.9874663010614539
built_VERB	1925	1428436	1440570	0.9915769452369548
built_VERB	1937	1498669	1505655	0.9953601588677353
built_VERB	1949	2216609	2223397	0.9969470139610694
built_VERB	1961	3917665	3928867	0.9971487963323777
built_VERB	1973	4651318	4658823	0.998389078099769
built_VERB	1985	6773124	6781131	0.9988192235189086
built_VERB	1997	12405347	12438098	0.9973668803702945
glid_VERB	1769	1	103	0.009708737864077669
glid_VERB	1781	4	328	0.012195121951219513
glid_VERB	1793	4	1027	0.0038948393378773127
glid_VERB	1805	8	1943	0.004117344312918168
glid_VERB	1817	20	5653	0.0035379444542720678
glid_VERB	1829	31	9725	0.0031876606683804627
glid_VERB	1841	32	15537	0.0020595996653150544
glid_VERB	1853	41	21849	0.0018765160876928007
glid_VERB	1865	30	21544	0.0013924990716672856
glid_VERB	1877	42	25107	0.0016728402437567213
glid_VERB	1889	62	35035	0.0017696589125160555
glid_VERB	1901	59	35570	0.0016587011526567332
glid_VERB	1913	46	25061	0.0018355213279597782
glid_VERB	1925	46	21709	0.0021189368464692064
glid_VERB	1937	44	15294	0.002876945207270825
glid_VERB	1949	74	19795	0.003738317757009346
glid_VERB	1961	122	30301	0.004026269760073925
glid_VERB	1973	112	37415	0.002993451824134705
glid_VERB	1985	167	69925	0.002388273149803361
glid_VERB	1997	344	208419	0.0016505213056391213
lit_VERB	1769	1194	2569	0.46477228493577266
lit_VERB	1781	1584	3991	0.3968930092708594
lit_VERB	1793	3126	9196	0.339930404523706
lit_VERB	1805	7092	20550	0.3451094890510949
lit_VERB	1817	9070	37204	0.24379099021610579
lit_VERB	1829	12283	57446	0.21381819447829264
lit_VERB	1841	20219	87590	0.23083685352209157
lit_VERB	1853	31580	116236	0.27168863346983724
lit_VERB	1865	38903	133463	0.291489026921319
lit_VERB	1877	57836	182437	0.31701902574587393
lit_VERB	1889	83918	256766	0.3268267605524096
lit_VERB	1901	121073	336538	0.35976026481407747
lit_VERB	1913	125812	292364	0.43032657919579703
lit_VERB	1925	127617	257745	0.49512890647733226
lit_VERB	1937	123133	231564	0.5317450035411376
lit_VERB	1949	191831	315628	0.6077756092615357
lit_VERB	1961	313477	479771	0.6533888042420238
lit_VERB	1973	459508	607968	0.7558095162903311
lit_VERB	1985	861823	1033355	0.8340047708677076
lit_VERB	1997	1912737	2391012	0.7999696362878982
pled_VERB	1769	107	3225	0.03317829457364341
pled_VERB	1781	158	6284	0.02514322087842139
pled_VERB	1793	163	8933	0.01824694951304153
pled_VERB	1805	315	19731	0.015964725558765394
pled_VERB	1817	646	34574	0.01868456065251345
pled_VERB	1829	580	41426	0.01400086901945638
pled_VERB	1841	1041	54237	0.01919353946567841
pled_VERB	1853	844	58297	0.014477588898228038
pled_VERB	1865	847	58440	0.01449349760438056
pled_VERB	1877	1175	79962	0.014694479877942023
pled_VERB	1889	1775	90298	0.019657135263239495
pled_VERB	1901	1959	120337	0.016279282348737295
pled_VERB	1913	2214	100653	0.021996363744746804
pled_VERB	1925	2741	87465	0.031338249585548504
pled_VERB	1937	3057	80900	0.037787391841779976
pled_VERB	1949	3591	119156	0.030136963308603847
pled_VERB	1961	5986	218329	0.027417338054037715
pled_VERB	1973	9194	246554	0.03729000543491487
pled_VERB	1985	20019	394483	0.05074743398321347
pled_VERB	1997	57117	841534	0.06787248049395508
sat_VERB	1769	3776	4492	0.8406055209260909
sat_VERB	1781	7256	8768	0.8275547445255474
sat_VERB	1793	20357	23738	0.8575701407026708
sat_VERB	1805	63544	64657	0.9827860865799527
sat_VERB	1817	122914	123066	0.9987648903840216
sat_VERB	1829	183341	183342	0.9999945457123846
sat_VERB	1841	268484	268495	0.9999590308944301
sat_VERB	1853	374721	374752	0.9999172786269319
sat_VERB	1865	436679	436711	0.9999267249966225
sat_VERB	1877	582367	582387	0.9999656585741097
sat_VERB	1889	842702	842705	0.9999964400353624
sat_VERB	1901	1156446	1156460	0.9999878940905867
sat_VERB	1913	1036538	1036540	0.9999980705037914
sat_VERB	1925	1006026	1006037	0.9999890660085067
sat_VERB	1937	940083	940102	0.9999797894271047
sat_VERB	1949	1193372	1193406	0.9999715101147472
sat_VERB	1961	1762884	1763104	0.9998752200664283
sat_VERB	1973	2421688	2422012	0.9998662269220796
sat_VERB	1985	4733427	4733728	0.9999364137525435
sat_VERB	1997	11702605	11702977	0.9999682132161757
slid_VERB	1769	344	346	0.9942196531791907
slid_VERB	1781	521	524	0.9942748091603053
slid_VERB	1793	951	969	0.9814241486068112
slid_VERB	1805	1338	1469	0.9108236895847516
slid_VERB	1817	1825	2151	0.8484425848442585
slid_VERB	1829	3584	3955	0.9061946902654867
slid_VERB	1841	4915	5397	0.9106911246989068
slid_VERB	1853	7933	8379	0.9467716911325934
slid_VERB	1865	9548	9907	0.963762995861512
slid_VERB	1877	13792	14249	0.9679275738648326
slid_VERB	1889	23970	24455	0.9801676548763034
slid_VERB	1901	39343	39729	0.9902841752875733
slid_VERB	1913	45057	45219	0.9964174351489418
slid_VERB	1925	46780	46973	0.995891256679369
slid_VERB	1937	56317	56445	0.9977323057843919
slid_VERB	1949	76285	76501	0.997176507496634
slid_VERB	1961	109353	109963	0.9944526795376627
slid_VERB	1973	214806	215631	0.9961740195055442
slid_VERB	1985	588593	589800	0.9979535435740929
slid_VERB	1997	1430686	1432826	0.9985064480962796
sped_VERB	1769	213	226	0.9424778761061947
sped_VERB	1781	184	200	0.92
sped_VERB	1793	664	723	0.9183955739972337
sped_VERB	1805	1859	1982	0.937941473259334
sped_VERB	1817	2685	2947	0.9110960298608755
sped_VERB	1829	4969	5303	0.9370167829530455
sped_VERB	1841	8046	8610	0.9344947735191638
sped_VERB	1853	12551	13165	0.9533611849601216
sped_VERB	1865	15420	15933	0.9678026736961024
sped_VERB	1877	22821	23667	0.9642540245912029
sped_VERB	1889	34344	35964	0.954954954954955
sped_VERB	1901	48183	51330	0.9386908240794857
sped_VERB	1913	43117	50792	0.8488935265396126
sped_VERB	1925	34441	46317	0.7435930651812509
sped_VERB	1937	31608	54248	0.5826574251585311
sped_VERB	1949	37672	70502	0.5343394513630819
sped_VERB	1961	59366	116774	0.5083837155531197
sped_VERB	1973	74822	135094	0.5538513923638355
sped_VERB	1985	140867	212083	0.6642069378498041
sped_VERB	1997	398891	488263	0.8169593026708967
trod_VERB	1769	1034	1039	0.9951876804619827
trod_VERB	1781	1472	1475	0.9979661016949153
trod_VERB	1793	2875	2882	0.9975711311589174
trod_VERB	1805	6229	6236	0.9988774855676715
trod_VERB	1817	10461	10473	0.9988541965052994
trod_VERB	1829	13815	13830	0.9989154013015185
trod_VERB	1841	20591	20630	0.9981095492001939
trod_VERB	1853	25100	25189	0.9964667116598516
trod_VERB	1865	23853	23908	0.9976995148067592
trod_VERB	1877	30066	30104	0.998737709274515
trod_VERB	1889	36418	36500	0.9977534246575342
trod_VERB	1901	44298	44443	0.9967373939653039
trod_VERB	1913	33411	33578	0.995026505449997
trod_VERB	1925	28687	28867	0.9937645061835314
trod_VERB	1937	21719	22003	0.9870926691814752
trod_VERB	1949	26421	26920	0.9814635958395245
trod_VERB	1961	43135	44134	0.9773643902660081
trod_VERB	1973	40297	42183	0.9552900457530284
trod_VERB	1985	55020	59012	0.932352741815224
trod_VERB	1997	149188	159661	0.9344047701066635
bet_VERB	1853	41	65	0.6307692307692307
bet_VERB	1877	39	68	0.5735294117647058
bet_VERB	1889	70	114	0.6140350877192983
bet_VERB	1901	148	189	0.783068783068783
bet_VERB	1913	106	138	0.7681159420289855
bet_VERB	1925	211	230	0.9173913043478261
bet_VERB	1937	216	229	0.9432314410480349
bet_VERB	1949	334	358	0.9329608938547486
bet_VERB	1961	519	548	0.9470802919708029
bet_VERB	1973	828	846	0.9787234042553191
bet_VERB	1985	1674	1691	0.989946777054997
bet_VERB	1997	4125	4214	0.9788799240626483
fit_VERB	1805	1	117	0.008547008547008548
fit_VERB	1817	0	183	0.0
fit_VERB	1829	1	210	0.004761904761904762
fit_VERB	1841	3	250	0.012
fit_VERB	1853	14	658	0.02127659574468085
fit_VERB	1865	17	514	0.033073929961089495
fit_VERB	1877	13	720	0.018055555555555554
fit_VERB	1889	17	1078	0.015769944341372914
fit_VERB	1901	31	1146	0.027050610820244327
fit_VERB	1913	29	1010	0.028712871287128714
fit_VERB	1925	66	1032	0.06395348837209303
fit_VERB	1937	62	958	0.06471816283924843
fit_VERB	1949	116	1356	0.0855457227138643
fit_VERB	1961	216	2094	0.10315186246418338
fit_VERB	1973	409	2468	0.16572123176661263
fit_VERB	1985	1278	4170	0.3064748201438849
fit_VERB	1997	2942	8119	0.36235989653898265
pat_VERB	1841	12	82	0.14634146341463414
pat_VERB	1853	10	110	0.09090909090909091
pat_VERB	1865	9	217	0.041474654377880185
pat_VERB	1877	19	309	0.061488673139158574
pat_VERB	1889	21	649	0.032357473035439135
pat_VERB	1901	26	1445	0.017993079584775088
pat_VERB	1913	21	2076	0.010115606936416185
pat_VERB	1925	23	2282	0.010078878177037686
pat_VERB	1937	11	2994	0.003674014696058784
pat_VERB	1949	6	3868	0.0015511892450879006
pat_VERB	1961	47	4622	0.010168758113370835
pat_VERB	1973	51	10596	0.004813137032842582
pat_VERB	1985	93	27330	0.003402854006586169
pat_VERB	1997	251	61362	0.004090479449822365
quit_VERB	1769	2	57	0.03508771929824561
quit_VERB	1781	0	122	0.0
quit_VERB	1793	4	459	0.008714596949891068
quit_VERB	1805	1	637	0.0015698587127158557
quit_VERB	1817	7	865	0.008092485549132947
quit_VERB	1829	7	1030	0.006796116504854369
quit_VERB	1841	19	1343	0.014147431124348473
quit_VERB	1853	51	1563	0.03262955854126679
quit_VERB	1865	39	1321	0.029523088569265707
quit_VERB	1877	92	1420	0.0647887323943662
quit_VERB	1889	125	1332	0.09384384384384384
quit_VERB	1901	257	1594	0.16122961104140526
quit_VERB	1913	410	936	0.43803418803418803
quit_VERB	1925	556	1012	0.549407114624506
quit_VERB	1937	882	1060	0.8320754716981132
quit_VERB	1949	1238	1503	0.8236859614105123
quit_VERB	1961	2469	3015	0.8189054726368159
quit_VERB	1973	3610	3876	0.9313725490196079
quit_VERB	1985	7159	7409	0.9662572546902416
quit_VERB	1997	14783	17055	0.8667839343301085
thrust_VERB	1817	113	113	1.0
thrust_VERB	1829	212	215	0.986046511627907
thrust_VERB	1841	275	279	0.985663082437276
thrust_VERB	1853	389	389	1.0
thrust_VERB	1865	500	500	1.0
thrust_VERB	1877	892	893	0.9988801791713325
thrust_VERB	1889	1837	1837	1.0
thrust_VERB	1901	3630	3634	0.9988992845349477
thrust_VERB	1913	4065	4066	0.999754058042302
thrust_VERB	1925	3652	3653	0.9997262523952916
thrust_VERB	1937	3381	3383	0.9994088087496305
thrust_VERB	1949	4063	4063	1.0
thrust_VERB	1961	4860	4861	0.9997942810121374
thrust_VERB	1973	7841	7847	0.9992353765770358
thrust_VERB	1985	16972	16993	0.9987641970223033
thrust_VERB	1997	38153	38240	0.9977248953974895
wed_VERB	1829	3	209	0.014354066985645933
wed_VERB	1841	0	58	0.0
wed_VERB	1853	5	93	0.053763440860215055
wed_VERB	1865	10	90	0.1111111111111111
wed_VERB	1877	3	120	0.025
wed_VERB	1889	24	214	0.11214953271028037
wed_VERB	1901	17	702	0.024216524216524215
wed_VERB	1913	14	714	0.0196078431372549
wed_VERB	1925	33	138	0.2391304347826087
wed_VERB	1937	19	159	0.11949685534591195
wed_VERB	1949	27	123	0.21951219512195122
wed_VERB	1961	56	164	0.34146341463414637
wed_VERB	1973	236	351	0.6723646723646723
wed_VERB	1985	494	606	0.8151815181518152
wed_VERB	1997	517	876	0.5901826484018264