awoke_VERB	1769	487	1114	0.4371633752244165
awoke_VERB	1784	1422	2631	0.540478905359179
awoke_VERB	1799	5309	8556	0.6205002337540907
awoke_VERB	1814	13783	18817	0.7324759525960568
awoke_VERB	1829	28421	33339	0.8524850775368188
awoke_VERB	1844	52413	58622	0.8940841322370441
awoke_VERB	1859	55744	60733	0.9178535557275287
awoke_VERB	1874	77422	83281	0.9296478188302254
awoke_VERB	1889	115031	122683	0.9376278702020655
awoke_VERB	1904	123471	130377	0.9470305345267954
awoke_VERB	1919	93294	97632	0.9555678466076696
awoke_VERB	1934	68811	71531	0.9619745285260936
awoke_VERB	1949	90909	94279	0.9642550302824595
awoke_VERB	1964	144357	149373	0.9664196340704143
awoke_VERB	1979	232053	236155	0.9826300522961614
awoke_VERB	1994	706734	723695	0.976563331237607
blew_VERB	1769	2125	2199	0.9663483401546157
blew_VERB	1784	4244	4388	0.96718322698268
blew_VERB	1799	11739	11906	0.985973458760289
blew_VERB	1814	23861	24178	0.9868889072710729
blew_VERB	1829	33790	34367	0.9832106381121425
blew_VERB	1844	50646	51649	0.9805804565432051
blew_VERB	1859	49780	51072	0.9747023809523809
blew_VERB	1874	67658	69546	0.972852500503264
blew_VERB	1889	115111	118572	0.9708109840434503
blew_VERB	1904	141577	145716	0.9715954322106014
blew_VERB	1919	135209	138667	0.9750625599457694
blew_VERB	1934	142507	145316	0.9806697129015387
blew_VERB	1949	194446	197845	0.9828198842528242
blew_VERB	1964	302267	307350	0.9834618513095819
blew_VERB	1979	530945	537947	0.9869838478511823
blew_VERB	1994	1427778	1444764	0.9882430625347808
burnt_VERB	1769	7334	10588	0.6926709482432943
burnt_VERB	1784	12020	19447	0.6180901938602356
burnt_VERB	1799	39688	61701	0.6432310659470674
burnt_VERB	1814	70239	107502	0.6533738907183122
burnt_VERB	1829	91639	163699	0.559801831410088
burnt_VERB	1844	126720	266033	0.476331883638496
burnt_VERB	1859	115031	269751	0.4264340076589151
burnt_VERB	1874	145740	388633	0.37500675444442444
burnt_VERB	1889	166358	544108	0.3057444477934528
burnt_VERB	1904	172090	652331	0.2638077908301154
burnt_VERB	1919	128054	503644	0.2542549896355362
burnt_VERB	1934	89848	447954	0.2005741660974118
burnt_VERB	1949	142371	617613	0.23051814000029144
burnt_VERB	1964	249531	1034541	0.24119972045573834
burnt_VERB	1979	255593	1432707	0.1783986537372959
burnt_VERB	1994	597891	3420217	0.17481083802577438
caught_VERB	1769	5372	6076	0.8841342988808426
caught_VERB	1784	13860	14744	0.9400434074877917
caught_VERB	1799	41113	42821	0.960113028654165
caught_VERB	1814	79149	81477	0.9714275194226591
caught_VERB	1829	137493	139429	0.9861147967782886
caught_VERB	1844	217947	220064	0.9903800712519994
caught_VERB	1859	278033	279813	0.9936386086422003
caught_VERB	1874	428909	430839	0.9955203683974756
caught_VERB	1889	694802	697984	0.9954411562442692
caught_VERB	1904	887760	890933	0.9964385649650422
caught_VERB	1919	800574	802905	0.9970967922730585
caught_VERB	1934	751806	753329	0.997978306954863
caught_VERB	1949	1141214	1143272	0.998199903435053
caught_VERB	1964	2022184	2026044	0.9980948093920962
caught_VERB	1979	3566121	3570123	0.9988790302182866
caught_VERB	1994	8907275	8917685	0.9988326566816388
clove_VERB	1769	32	97	0.32989690721649484
clove_VERB	1784	27	125	0.216
clove_VERB	1799	145	534	0.27153558052434457
clove_VERB	1814	329	1156	0.28460207612456745
clove_VERB	1829	543	1630	0.33312883435582824
clove_VERB	1844	1178	2881	0.40888580354043735
clove_VERB	1859	1114	2506	0.44453312051077415
clove_VERB	1874	1503	3288	0.45711678832116787
clove_VERB	1889	2508	4553	0.5508455963101252
clove_VERB	1904	2592	4998	0.5186074429771909
clove_VERB	1919	2182	4043	0.5396982438783082
clove_VERB	1934	1266	3682	0.3438348723519826
clove_VERB	1949	1529	8127	0.1881383044173742
clove_VERB	1964	2291	28864	0.07937222838137473
clove_VERB	1979	3436	79573	0.0431804757895266
clove_VERB	1994	10010	131054	0.07638072855464159
crept_VERB	1769	1458	1490	0.978523489932886
crept_VERB	1784	2547	2708	0.9405465288035451
crept_VERB	1799	7936	8088	0.9812067260138477
crept_VERB	1814	16325	16547	0.9865836707560283
crept_VERB	1829	27003	27208	0.9924654513378418
crept_VERB	1844	46386	46557	0.9963270829306012
crept_VERB	1859	54884	55006	0.9977820601388939
crept_VERB	1874	79025	79108	0.9989508014360116
crept_VERB	1889	123033	123150	0.9990499390986601
crept_VERB	1904	151638	151759	0.9992026832016553
crept_VERB	1919	131381	131495	0.9991330468839119
crept_VERB	1934	103056	103146	0.9991274504100983
crept_VERB	1949	126769	126917	0.9988338835616978
crept_VERB	1964	184270	184777	0.997256152010261
crept_VERB	1979	290219	291433	0.9958343770266236
crept_VERB	1994	818288	825633	0.9911037955120495
dove_VERB	1769	12	118	0.1016949152542373
dove_VERB	1784	46	298	0.15436241610738255
dove_VERB	1799	99	806	0.1228287841191067
dove_VERB	1814	209	1686	0.1239620403321471
dove_VERB	1829	263	3164	0.08312262958280657
dove_VERB	1844	590	5818	0.10140941904434514
dove_VERB	1859	603	6511	0.09261250191982798
dove_VERB	1874	792	9246	0.08565866320571058
dove_VERB	1889	1525	15753	0.09680695740493875
dove_VERB	1904	2873	24499	0.11727009265684314
dove_VERB	1919	3117	28788	0.108274280950396
dove_VERB	1934	4682	33716	0.13886582038201448
dove_VERB	1949	5878	46691	0.1258914994324388
dove_VERB	1964	12684	68876	0.18415703583251058
dove_VERB	1979	35115	125896	0.2789206964478617
dove_VERB	1994	119545	316226	0.3780365940814481
dreamt_VERB	1769	347	1028	0.33754863813229574
dreamt_VERB	1784	638	1967	0.32435180477885106
dreamt_VERB	1799	2242	6492	0.3453481207640173
dreamt_VERB	1814	5031	14184	0.3546954314720812
dreamt_VERB	1829	9054	30401	0.2978191506858327
dreamt_VERB	1844	14830	60192	0.2463782562466773
dreamt_VERB	1859	17832	69132	0.2579413296302725
dreamt_VERB	1874	25863	106687	0.24241941379924453
dreamt_VERB	1889	32669	179607	0.1818915743818448
dreamt_VERB	1904	34206	217114	0.15754856895455843
dreamt_VERB	1919	32025	198422	0.1613984336414309
dreamt_VERB	1934	24312	171538	0.14172952931711924
dreamt_VERB	1949	42111	241999	0.1740131157566767
dreamt_VERB	1964	72696	396893	0.18316271639963416
dreamt_VERB	1979	95933	587760	0.1632179801279434
dreamt_VERB	1994	248923	1457297	0.17081144063289774
dwelt_VERB	1769	2845	2964	0.9598515519568152
dwelt_VERB	1784	6275	6644	0.9444611679711018
dwelt_VERB	1799	21035	21716	0.9686406336341867
dwelt_VERB	1814	44365	45194	0.9816568571049255
dwelt_VERB	1829	79634	80731	0.98641166342545
dwelt_VERB	1844	131544	132743	0.9909675086445237
dwelt_VERB	1859	122600	123732	0.9908511945171823
dwelt_VERB	1874	167754	169622	0.9889872775937084
dwelt_VERB	1889	218417	220944	0.9885627127235861
dwelt_VERB	1904	205372	208597	0.9845395667243536
dwelt_VERB	1919	138833	141573	0.980646027137943
dwelt_VERB	1934	85467	87918	0.9721217498123251
dwelt_VERB	1949	117941	123263	0.9568240266746713
dwelt_VERB	1964	180883	195630	0.9246179011399069
dwelt_VERB	1979	152652	179646	0.8497378177081594
dwelt_VERB	1994	438669	511668	0.8573313164004784
froze_VERB	1769	221	229	0.9650655021834061
froze_VERB	1784	481	485	0.9917525773195877
froze_VERB	1799	1196	1225	0.976326530612245
froze_VERB	1814	2080	2104	0.9885931558935361
froze_VERB	1829	3208	3253	0.986166615431909
froze_VERB	1844	6051	6102	0.9916420845624385
froze_VERB	1859	6137	6180	0.9930420711974111
froze_VERB	1874	9665	9716	0.9947509263071223
froze_VERB	1889	16816	16876	0.9964446551315478
froze_VERB	1904	21229	21328	0.9953582145536384
froze_VERB	1919	22010	22083	0.996694289725128
froze_VERB	1934	28244	28294	0.9982328408849933
froze_VERB	1949	42108	42310	0.9952257149610021
froze_VERB	1964	76988	77421	0.994407202180287
froze_VERB	1979	194270	194932	0.9966039439394251
froze_VERB	1994	551674	552654	0.9982267386104144
hung_VERB	1769	5931	9158	0.6476304870058965
hung_VERB	1784	12212	18246	0.6692973802477256
hung_VERB	1799	37153	56008	0.6633516640479932
hung_VERB	1814	74713	105725	0.706672972333885
hung_VERB	1829	118202	162066	0.7293448348203818
hung_VERB	1844	204968	272748	0.751492219924619
hung_VERB	1859	213916	276779	0.7728765549409456
hung_VERB	1874	308081	400541	0.7691622081135264
hung_VERB	1889	464905	593284	0.7836129071405937
hung_VERB	1904	530033	657018	0.8067252343162592
hung_VERB	1919	456405	555803	0.8211632538867188
hung_VERB	1934	414159	495578	0.8357090104887627
hung_VERB	1949	548176	669442	0.8188551061929189
hung_VERB	1964	877661	1085641	0.8084265424758277
hung_VERB	1979	1478273	1705205	0.8669180538410338
hung_VERB	1994	3947306	4482680	0.8805683207367021
hove_VERB	1769	165	373	0.44235924932975873
hove_VERB	1784	371	886	0.4187358916478555
hove_VERB	1799	1371	3302	0.4152029073288916
hove_VERB	1814	3455	7841	0.4406325723759725
hove_VERB	1829	6574	13221	0.4972392406020725
hove_VERB	1844	9574	20872	0.45870065159064777
hove_VERB	1859	7554	18927	0.3991123791409098
hove_VERB	1874	9551	23721	0.4026390118460436
hove_VERB	1889	13568	38035	0.35672406993558564
hove_VERB	1904	14394	42359	0.3398097216648174
hove_VERB	1919	13529	39575	0.3418572331017056
hove_VERB	1934	12624	37945	0.33269205428910265
hove_VERB	1949	15994	52090	0.30704549817623344
hove_VERB	1964	22210	77565	0.2863404886224457
hove_VERB	1979	23363	138564	0.16860800785196733
hove_VERB	1994	64635	361983	0.17855810908247072
hewn_VERB	1769	1166	2257	0.516614975631369
hewn_VERB	1784	2275	3684	0.6175352877307275
hewn_VERB	1799	4350	6323	0.6879645737782698
hewn_VERB	1814	6680	8636	0.7735062528948587
hewn_VERB	1829	10354	13296	0.7787304452466908
hewn_VERB	1844	16043	21134	0.7591085454717517
hewn_VERB	1859	14825	19700	0.7525380710659898
hewn_VERB	1874	21192	28042	0.7557235575208615
hewn_VERB	1889	24568	34796	0.7060581676054719
hewn_VERB	1904	23939	34919	0.6855580056702655
hewn_VERB	1919	16961	24493	0.6924835667333524
hewn_VERB	1934	13048	19149	0.6813932842446081
hewn_VERB	1949	18730	26998	0.6937550929698496
hewn_VERB	1964	29728	42342	0.7020924850030702
hewn_VERB	1979	28341	40524	0.6993633402428191
hewn_VERB	1994	71308	101911	0.6997085692417894
knelt_VERB	1769	82	518	0.1583011583011583
knelt_VERB	1784	568	1358	0.4182621502209131
knelt_VERB	1799	2190	4744	0.46163575042158517
knelt_VERB	1814	7819	13018	0.6006298970656014
knelt_VERB	1829	17530	24978	0.7018175994875491
knelt_VERB	1844	37825	47888	0.7898638489809555
knelt_VERB	1859	42213	50229	0.8404109179955802
knelt_VERB	1874	58451	67784	0.8623126401510681
knelt_VERB	1889	83451	95780	0.8712779285863437
knelt_VERB	1904	86886	97878	0.8876969288297677
knelt_VERB	1919	64923	72754	0.8923633064848668
knelt_VERB	1934	55681	61195	0.9098945992319634
knelt_VERB	1949	75073	82322	0.911943344427978
knelt_VERB	1964	108819	121738	0.8938786574446763
knelt_VERB	1979	238557	259059	0.9208597269347909
knelt_VERB	1994	703902	783686	0.8981939195034746
leant_VERB	1769	37	561	0.0659536541889483
leant_VERB	1784	157	1291	0.12161115414407436
leant_VERB	1799	555	4293	0.12928022361984626
leant_VERB	1814	1597	9843	0.16224728233262217
leant_VERB	1829	3567	18281	0.1951206170340791
leant_VERB	1844	6834	36973	0.1848375841830525
leant_VERB	1859	9604	43893	0.21880482081425284
leant_VERB	1874	13837	67713	0.20434776187733522
leant_VERB	1889	17139	135208	0.12676025087272944
leant_VERB	1904	20964	191428	0.1095137597425664
leant_VERB	1919	20993	170578	0.1230697979809823
leant_VERB	1934	14951	177679	0.08414612869275491
leant_VERB	1949	20232	235111	0.08605297072446631
leant_VERB	1964	27499	353946	0.07769264238047612
leant_VERB	1979	41652	1063938	0.03914889777411842
leant_VERB	1994	120226	3186033	0.03773532791405488
leapt_VERB	1769	226	1008	0.22420634920634921
leapt_VERB	1784	322	2139	0.15053763440860216
leapt_VERB	1799	1092	6837	0.15971917507678807
leapt_VERB	1814	2130	13101	0.16258300893061597
leapt_VERB	1829	3056	20648	0.1480046493607129
leapt_VERB	1844	5920	37955	0.15597417994994073
leapt_VERB	1859	7359	42647	0.17255610007737943
leapt_VERB	1874	12482	61194	0.20397424584109553
leapt_VERB	1889	22618	116039	0.1949172261050164
leapt_VERB	1904	31607	148421	0.21295504005497876
leapt_VERB	1919	38674	139056	0.2781181682199977
leapt_VERB	1934	33280	116180	0.2864520571526941
leapt_VERB	1949	46131	150657	0.30619884904119954
leapt_VERB	1964	70099	225555	0.3107845093214515
leapt_VERB	1979	147715	411884	0.35863252760485964
leapt_VERB	1994	430376	1117274	0.385201839477156
learnt_VERB	1769	2652	17376	0.1526243093922652
learnt_VERB	1784	5431	36828	0.14746931682415554
learnt_VERB	1799	21021	112401	0.18701790909333546
learnt_VERB	1814	39952	215743	0.18518329679294346
learnt_VERB	1829	51386	323867	0.1586638959819926
learnt_VERB	1844	81892	510242	0.16049639190815337
learnt_VERB	1859	93495	506281	0.18467017328321625
learnt_VERB	1874	138328	747266	0.1851121287466578
learnt_VERB	1889	170810	1123655	0.1520128509195438
learnt_VERB	1904	190710	1359156	0.14031501902651353
learnt_VERB	1919	185514	1258268	0.14743599932605772
learnt_VERB	1934	136519	1289787	0.10584615909448615
learnt_VERB	1949	240807	2047409	0.11761548376509041
learnt_VERB	1964	404360	3784863	0.1068360994836537
learnt_VERB	1979	432524	5476567	0.07897721327977911
learnt_VERB	1994	968974	13187943	0.07347423324471451
shook_VERB	1769	1929	1942	0.9933058702368692
shook_VERB	1784	4331	4357	0.9940325912324994
shook_VERB	1799	14354	14530	0.9878871300757054
shook_VERB	1814	33564	33845	0.9916974442310533
shook_VERB	1829	54579	55220	0.9883918869974647
shook_VERB	1844	97605	97988	0.9960913581254848
shook_VERB	1859	117968	118251	0.9976067855662955
shook_VERB	1874	170462	170835	0.997816606667252
shook_VERB	1889	303196	303626	0.9985837839974179
shook_VERB	1904	394248	394783	0.9986448251317812
shook_VERB	1919	361558	361951	0.9989142176703476
shook_VERB	1934	354104	354444	0.9990407511482773
shook_VERB	1949	461911	462665	0.9983703111322447
shook_VERB	1964	692266	693403	0.9983602609160906
shook_VERB	1979	1896810	1898068	0.9993372207950401
shook_VERB	1994	5608000	5610543	0.9995467461883815
shorn_VERB	1769	213	235	0.9063829787234042
shorn_VERB	1784	423	456	0.9276315789473685
shorn_VERB	1799	1886	2119	0.8900424728645587
shorn_VERB	1814	3269	3613	0.9047882646000553
shorn_VERB	1829	6737	7281	0.9252849883257794
shorn_VERB	1844	12021	13208	0.910130224106602
shorn_VERB	1859	12073	13593	0.8881777385418965
shorn_VERB	1874	16746	19517	0.8580212122764769
shorn_VERB	1889	23232	27760	0.8368876080691643
shorn_VERB	1904	26860	36076	0.744539305909746
shorn_VERB	1919	21700	29540	0.7345971563981043
shorn_VERB	1934	18196	27527	0.6610237221636939
shorn_VERB	1949	26022	40493	0.6426295902995579
shorn_VERB	1964	41092	64529	0.6367989586077577
shorn_VERB	1979	41611	76762	0.5420781115656184
shorn_VERB	1994	90557	150991	0.5997509785351445
shone_VERB	1769	1843	2067	0.8916303821964199
shone_VERB	1784	3695	3988	0.9265295887662989
shone_VERB	1799	13569	14840	0.9143530997304582
shone_VERB	1814	28436	30877	0.920944392266088
shone_VERB	1829	45527	49657	0.9168294500271865
shone_VERB	1844	80483	84304	0.9546759347124691
shone_VERB	1859	82485	85471	0.9650641738133402
shone_VERB	1874	112940	116218	0.9717943864117434
shone_VERB	1889	172683	176134	0.9804069628805342
shone_VERB	1904	177286	180946	0.9797729709416069
shone_VERB	1919	142211	146026	0.9738745154972402
shone_VERB	1934	114057	119087	0.9577619723395501
shone_VERB	1949	145226	152234	0.9539656055808821
shone_VERB	1964	204048	216743	0.9414283275584447
shone_VERB	1979	305688	331487	0.9221719102106568
shone_VERB	1994	844258	939946	0.898198407142538
slain_VERB	1769	4787	4793	0.9987481744210307
slain_VERB	1784	8765	8777	0.9986327902472371
slain_VERB	1799	40283	40295	0.9997021963022708
slain_VERB	1814	66236	66255	0.9997132291902497
slain_VERB	1829	93878	93914	0.9996166705709479
slain_VERB	1844	138233	138288	0.9996022793011686
slain_VERB	1859	117061	117111	0.9995730546233915
slain_VERB	1874	153211	153301	0.9994129196808892
slain_VERB	1889	186153	186282	0.9993075015299385
slain_VERB	1904	167836	167936	0.9994045350609756
slain_VERB	1919	112533	112679	0.9987042838505844
slain_VERB	1934	72182	72355	0.9976090111256997
slain_VERB	1949	105517	105762	0.9976834779977686
slain_VERB	1964	167969	168557	0.9965115658204643
slain_VERB	1979	160530	161841	0.9918994568743397
slain_VERB	1994	473644	477834	0.9912312644140016
slunk_VERB	1784	54	54	1.0
slunk_VERB	1799	457	467	0.9785867237687366
slunk_VERB	1814	1297	1307	0.9923488905891354
slunk_VERB	1829	2280	2303	0.9900130264871906
slunk_VERB	1844	3651	3680	0.9921195652173913
slunk_VERB	1859	4690	4719	0.9938546302182666
slunk_VERB	1874	6309	6355	0.9927616050354052
slunk_VERB	1889	10029	10094	0.9935605310085199
slunk_VERB	1904	11873	11978	0.9912339288695943
slunk_VERB	1919	10170	10274	0.9898773603270391
slunk_VERB	1934	7480	7602	0.9839515916863983
slunk_VERB	1949	8461	8596	0.9842950209399721
slunk_VERB	1964	11723	12143	0.9654121716215104
slunk_VERB	1979	18403	20083	0.9163471592889508
slunk_VERB	1994	62512	70306	0.8891417517708303
smelt_VERB	1769	221	322	0.6863354037267081
smelt_VERB	1784	388	560	0.6928571428571428
smelt_VERB	1799	1335	1878	0.7108626198083067
smelt_VERB	1814	2605	3510	0.7421652421652422
smelt_VERB	1829	4214	5651	0.7457087241196249
smelt_VERB	1844	7714	9685	0.7964894166236448
smelt_VERB	1859	10432	12774	0.8166588382652262
smelt_VERB	1874	14669	18348	0.7994876825812077
smelt_VERB	1889	23001	32229	0.7136740202922833
smelt_VERB	1904	27952	43799	0.6381880864859928
smelt_VERB	1919	28479	49325	0.5773745565129245
smelt_VERB	1934	24730	61072	0.40493188367828137
smelt_VERB	1949	33088	86615	0.3820123535184437
smelt_VERB	1964	47614	143837	0.3310274824975493
smelt_VERB	1979	61739	328092	0.188175877497775
smelt_VERB	1994	143722	944172	0.15222014632927053
snuck_VERB	1784	0	86	0.0
snuck_VERB	1799	2	256	0.0078125
snuck_VERB	1814	1	561	0.0017825311942959
snuck_VERB	1829	0	832	0.0
snuck_VERB	1844	0	1419	0.0
snuck_VERB	1859	1	1652	0.0006053268765133172
snuck_VERB	1874	1	2371	0.00042176296921130323
snuck_VERB	1889	9	5174	0.0017394665635871666
snuck_VERB	1904	32	7915	0.0040429564118761845
snuck_VERB	1919	156	9307	0.01676157730740303
snuck_VERB	1934	320	12361	0.025887873149421568
snuck_VERB	1949	537	16781	0.03200047672963471
snuck_VERB	1964	2542	32752	0.07761358085002443
snuck_VERB	1979	16074	78253	0.20541065518254892
snuck_VERB	1994	91527	248952	0.36764918538513447
spelt_VERB	1769	260	369	0.7046070460704607
spelt_VERB	1784	688	928	0.7413793103448276
spelt_VERB	1799	1949	2854	0.6829011913104415
spelt_VERB	1814	3379	4722	0.7155866158407455
spelt_VERB	1829	5211	8246	0.6319427601261217
spelt_VERB	1844	9821	16114	0.6094700260642919
spelt_VERB	1859	11594	18728	0.6190730457069629
spelt_VERB	1874	16170	29246	0.5528961225466731
spelt_VERB	1889	19322	42525	0.45436801881246325
spelt_VERB	1904	21488	62280	0.3450224791265254
spelt_VERB	1919	19584	63029	0.31071411572450774
spelt_VERB	1934	14502	65082	0.22282658799668112
spelt_VERB	1949	25233	133859	0.18850432171165182
spelt_VERB	1964	56059	309512	0.18112060275530512
spelt_VERB	1979	79442	477600	0.16633584589614742
spelt_VERB	1994	159613	890919	0.17915545633216937
spilt_VERB	1769	637	713	0.8934081346423562
spilt_VERB	1784	1096	1258	0.8712241653418124
spilt_VERB	1799	3103	3703	0.8379692141506886
spilt_VERB	1814	5213	6565	0.7940594059405941
spilt_VERB	1829	6653	9078	0.7328706763604318
spilt_VERB	1844	9096	13218	0.6881525192918747
spilt_VERB	1859	7754	12186	0.6363039553586083
spilt_VERB	1874	10069	16333	0.6164819690197759
spilt_VERB	1889	13024	24341	0.5350642948112239
spilt_VERB	1904	13309	31078	0.42824506081472424
spilt_VERB	1919	11829	32640	0.36240808823529413
spilt_VERB	1934	9380	37622	0.24932220509276487
spilt_VERB	1949	12713	59183	0.21480830643934914
spilt_VERB	1964	22067	120425	0.18324268216732406
spilt_VERB	1979	26266	251872	0.10428312793800025
spilt_VERB	1994	68805	635726	0.10823058990823091
spoilt_VERB	1769	149	2055	0.07250608272506083
spoilt_VERB	1784	301	3408	0.08832159624413145
spoilt_VERB	1799	661	10511	0.06288649985729236
spoilt_VERB	1814	1392	19051	0.07306703060206814
spoilt_VERB	1829	2676	26741	0.1000710519427097
spoilt_VERB	1844	5566	39615	0.14050233497412595
spoilt_VERB	1859	9184	45278	0.20283581430275188
spoilt_VERB	1874	17370	68342	0.25416288665827746
spoilt_VERB	1889	24001	100815	0.23806973168675297
spoilt_VERB	1904	29287	122584	0.2389137244664883
spoilt_VERB	1919	28204	107924	0.261332048478559
spoilt_VERB	1934	18807	87944	0.21385199672518876
spoilt_VERB	1949	27595	120676	0.2286701581093175
spoilt_VERB	1964	38405	183589	0.20919009308836586
spoilt_VERB	1979	39915	234812	0.1699870534725653
spoilt_VERB	1994	87845	524316	0.16754209293632086
strewn_VERB	1769	45	735	0.061224489795918366
strewn_VERB	1784	142	1876	0.07569296375266525
strewn_VERB	1799	546	6329	0.08626955285195133
strewn_VERB	1814	1195	14675	0.08143100511073254
strewn_VERB	1829	4437	26950	0.1646382189239332
strewn_VERB	1844	14449	46010	0.31404042599434906
strewn_VERB	1859	22721	45301	0.5015562570362685
strewn_VERB	1874	37717	59175	0.6373806506125897
strewn_VERB	1889	56357	77643	0.7258477905284443
strewn_VERB	1904	59528	74194	0.8023290293015608
strewn_VERB	1919	46138	55499	0.8313302942395359
strewn_VERB	1934	38730	44982	0.8610110710951047
strewn_VERB	1949	53558	61696	0.8680951763485477
strewn_VERB	1964	88455	103025	0.8585780150448921
strewn_VERB	1979	126835	137204	0.9244264015626367
strewn_VERB	1994	324226	367106	0.8831944996812909
strung_VERB	1769	220	235	0.9361702127659575
strung_VERB	1784	484	507	0.9546351084812623
strung_VERB	1799	1565	1638	0.9554334554334555
strung_VERB	1814	3091	3184	0.9707914572864321
strung_VERB	1829	5235	5353	0.9779562861946572
strung_VERB	1844	9291	9457	0.9824468647562652
strung_VERB	1859	10978	11162	0.9835154990145135
strung_VERB	1874	17131	17434	0.982620167488815
strung_VERB	1889	29493	29908	0.986124113949445
strung_VERB	1904	39479	39961	0.9879382397837891
strung_VERB	1919	35849	36331	0.9867330929509235
strung_VERB	1934	38495	39069	0.985308044741355
strung_VERB	1949	57690	58539	0.9854968482550095
strung_VERB	1964	102482	104240	0.9831350729086723
strung_VERB	1979	147173	149349	0.9854300999671909
strung_VERB	1994	323866	327694	0.9883183701868207
strove_VERB	1769	1475	1482	0.99527665317139
strove_VERB	1784	3016	3044	0.9908015768725361
strove_VERB	1799	8964	9056	0.9898409893992933
strove_VERB	1814	16108	16369	0.9840552263424767
strove_VERB	1829	28953	29308	0.9878872662754197
strove_VERB	1844	53512	54062	0.9898264955051608
strove_VERB	1859	49298	49613	0.993650857638119
strove_VERB	1874	75230	75567	0.9955403813834081
strove_VERB	1889	103062	103614	0.9946725345995715
strove_VERB	1904	106625	107255	0.9941261479651299
strove_VERB	1919	83955	84575	0.9926692284954183
strove_VERB	1934	68122	69047	0.9866033281677697
strove_VERB	1949	96808	99222	0.9756707181874987
strove_VERB	1964	157133	165235	0.9509668048536932
strove_VERB	1979	164200	182867	0.8979203464813225
strove_VERB	1994	394816	440387	0.8965205603253502
swollen_VERB	1769	227	3412	0.06652989449003517
swollen_VERB	1784	536	6071	0.08828858507659364
swollen_VERB	1799	1990	14734	0.13506176191122574
swollen_VERB	1814	6586	28204	0.23351297688271166
swollen_VERB	1829	18256	48173	0.378967471405144
swollen_VERB	1844	41721	86588	0.4818335104171479
swollen_VERB	1859	54726	93658	0.584317410151829
swollen_VERB	1874	92584	138484	0.6685537679443112
swollen_VERB	1889	117462	177925	0.6601770408880147
swollen_VERB	1904	138341	196373	0.7044807585564207
swollen_VERB	1919	90368	138916	0.6505226179849694
swollen_VERB	1934	85431	131551	0.6494135354349264
swollen_VERB	1949	134651	199757	0.6740739999098905
swollen_VERB	1964	208150	319122	0.6522583839409379
swollen_VERB	1979	310749	469059	0.6624944836363869
swollen_VERB	1994	669985	1057498	0.6335567537716383
woke_VERB	1769	35	541	0.06469500924214418
woke_VERB	1784	126	1083	0.11634349030470914
woke_VERB	1799	542	3115	0.17399678972712682
woke_VERB	1814	1364	5820	0.23436426116838488
woke_VERB	1829	4385	10626	0.4126670431018257
woke_VERB	1844	12173	22173	0.5490010372976142
woke_VERB	1859	20987	30901	0.6791689589333678
woke_VERB	1874	35526	50165	0.7081829961128276
woke_VERB	1889	61029	86020	0.709474540804464
woke_VERB	1904	75545	103065	0.732984039198564
woke_VERB	1919	80445	100176	0.8030366554863441
woke_VERB	1934	80285	94918	0.8458353526201563
woke_VERB	1949	117855	133331	0.8839279687394529
woke_VERB	1964	206551	227804	0.9067048866569507
woke_VERB	1979	453843	475243	0.9549704046140606
woke_VERB	1994	1339247	1404874	0.9532862021789854
wove_VERB	1769	297	315	0.9428571428571428
wove_VERB	1784	535	570	0.9385964912280702
wove_VERB	1799	1693	1845	0.9176151761517615
wove_VERB	1814	2380	2625	0.9066666666666666
wove_VERB	1829	3226	3524	0.9154370034052214
wove_VERB	1844	5713	6112	0.9347185863874345
wove_VERB	1859	5954	6423	0.9269811614510354
wove_VERB	1874	9317	9801	0.9506172839506173
wove_VERB	1889	15085	16079	0.9381802350892469
wove_VERB	1904	20224	21352	0.9471712251779693
wove_VERB	1919	20929	22127	0.9458580015365843
wove_VERB	1934	20346	22098	0.9207168069508552
wove_VERB	1949	26610	29629	0.8981065847649262
wove_VERB	1964	43963	49640	0.8856365834004835
wove_VERB	1979	67754	82934	0.8169628861504329
wove_VERB	1994	169555	215134	0.7881366961986482
bent_VERB	1769	2497	2705	0.9231053604436229
bent_VERB	1784	4901	5284	0.9275170325510976
bent_VERB	1799	15726	16563	0.949465676507879
bent_VERB	1814	33998	35182	0.9663464271502473
bent_VERB	1829	58804	60317	0.9749158611999934
bent_VERB	1844	102694	104953	0.9784760797690395
bent_VERB	1859	118863	120571	0.9858340728699273
bent_VERB	1874	174837	177042	0.9875453282272003
bent_VERB	1889	278383	280847	0.991226539717355
bent_VERB	1904	336455	338902	0.9927796236080046
bent_VERB	1919	269059	270830	0.9934608425949858
bent_VERB	1934	238327	239475	0.9952061801858232
bent_VERB	1949	315767	317558	0.9943600854017219
bent_VERB	1964	495369	498195	0.9943275223557041
bent_VERB	1979	832989	835707	0.9967476639539934
bent_VERB	1994	2022286	2031331	0.9955472544848674
bit_VERB	1769	658	756	0.8703703703703703
bit_VERB	1784	1416	1633	0.8671157379056951
bit_VERB	1799	3369	3789	0.8891528107680127
bit_VERB	1814	5739	6382	0.8992478846756503
bit_VERB	1829	7642	8165	0.9359461114513166
bit_VERB	1844	11974	12512	0.9570012787723785
bit_VERB	1859	15262	15598	0.978458776766252
bit_VERB	1874	22717	22969	0.9890286908441813
bit_VERB	1889	39809	39988	0.9955236570971291
bit_VERB	1904	50647	50775	0.997479074347612
bit_VERB	1919	50539	50632	0.9981632169379049
bit_VERB	1934	48345	48426	0.9983273448147689
bit_VERB	1949	68823	69039	0.9968713335940556
bit_VERB	1964	138708	139270	0.9959646729374596
bit_VERB	1979	404142	404704	0.9986113307503756
bit_VERB	1994	942926	943630	0.9992539448724606
blent_VERB	1769	9	2438	0.0036915504511894994
blent_VERB	1784	16	4853	0.00329692973418504
blent_VERB	1799	42	13867	0.003028773346794548
blent_VERB	1814	52	23664	0.0021974306964164976
blent_VERB	1829	275	39869	0.006897589605959518
blent_VERB	1844	632	58585	0.01078774430314927
blent_VERB	1859	724	49879	0.014515126606387457
blent_VERB	1874	1353	58136	0.023273014999311958
blent_VERB	1889	2144	71945	0.029800542080756134
blent_VERB	1904	1919	65930	0.02910662824207493
blent_VERB	1919	1296	55046	0.023543945064128182
blent_VERB	1934	676	52269	0.012933096099026192
blent_VERB	1949	787	86034	0.00914754631889718
blent_VERB	1964	1174	153531	0.007646664191596485
blent_VERB	1979	893	238709	0.003740956562174028
blent_VERB	1994	3922	544065	0.007208697490189591
built_VERB	1769	27108	27392	0.9896320093457944
built_VERB	1784	55164	55555	0.9929619296192962
built_VERB	1799	172667	174527	0.9893426232044326
built_VERB	1814	279963	283172	0.9886676648821211
built_VERB	1829	423164	427964	0.9887841033357946
built_VERB	1844	604324	611607	0.9880920264156559
built_VERB	1859	605354	612244	0.9887463168279313
built_VERB	1874	1032921	1044105	0.9892884336345482
built_VERB	1889	1451702	1469800	0.9876867601034154
built_VERB	1904	2054266	2081244	0.9870375602284018
built_VERB	1919	1811801	1830881	0.9895787874799072
built_VERB	1934	1857057	1866581	0.9948976229801975
built_VERB	1949	3014227	3023280	0.9970055701092853
built_VERB	1964	5353752	5366770	0.9975743324196863
built_VERB	1979	7145610	7154713	0.9987276918025922
built_VERB	1994	14450474	14485553	0.9975783458180713
glid_VERB	1769	3	135	0.022222222222222223
glid_VERB	1784	3	694	0.004322766570605188
glid_VERB	1799	11	1926	0.005711318795430945
glid_VERB	1814	20	6299	0.0031751071598666455
glid_VERB	1829	38	12562	0.0030249960197420793
glid_VERB	1844	49	24334	0.002013643461822964
glid_VERB	1859	41	25910	0.001582400617522192
glid_VERB	1874	48	30956	0.0015505879312572683
glid_VERB	1889	80	45022	0.0017769090666785127
glid_VERB	1904	61	37884	0.0016101784394467321
glid_VERB	1919	63	30041	0.002097133916980127
glid_VERB	1934	53	19722	0.002687354223709563
glid_VERB	1949	98	26560	0.003689759036144578
glid_VERB	1964	162	39434	0.004108130040066947
glid_VERB	1979	176	69919	0.0025171984725181995
glid_VERB	1994	383	229942	0.0016656374216106671
lit_VERB	1769	1479	3269	0.4524319363719792
lit_VERB	1784	2412	6488	0.3717632552404439
lit_VERB	1799	7377	20642	0.35737816103090786
lit_VERB	1814	10798	43111	0.250469717705458
lit_VERB	1829	16261	75102	0.21651886767329764
lit_VERB	1844	32436	132130	0.245485506697949
lit_VERB	1859	43027	149971	0.2869021344126531
lit_VERB	1874	69097	219969	0.31412153530724785
lit_VERB	1889	112237	339539	0.33055701995941555
lit_VERB	1904	154333	400670	0.38518731125365013
lit_VERB	1919	158605	340209	0.46619871902271837
lit_VERB	1934	156378	294559	0.530888548643905
lit_VERB	1949	256921	418297	0.6142071303404041
lit_VERB	1964	447743	651399	0.6873559830457215
lit_VERB	1979	861544	1060841	0.8121330152209426
lit_VERB	1994	2173168	2697197	0.8057134870015057
pled_VERB	1769	120	4207	0.02852388875683385
pled_VERB	1784	230	9144	0.025153105861767278
pled_VERB	1799	301	19889	0.015133993664839862
pled_VERB	1814	738	39507	0.018680233882603082
pled_VERB	1829	909	53761	0.01690816763081044
pled_VERB	1844	1140	74075	0.015389807627404658
pled_VERB	1859	1050	67515	0.015552099533437015
pled_VERB	1874	1388	97011	0.014307655832843698
pled_VERB	1889	2225	119482	0.01862205185718351
pled_VERB	1904	2548	141834	0.01796466291580298
pled_VERB	1919	2992	115618	0.025878323444446367
pled_VERB	1934	3981	102719	0.03875621842112949
pled_VERB	1949	4916	163489	0.030069301298558313
pled_VERB	1964	8671	291566	0.029739407201113986
pled_VERB	1979	18026	407656	0.04421865494436485
pled_VERB	1994	64294	957345	0.06715865231447388
sat_VERB	1769	4700	5611	0.8376403493138478
sat_VERB	1784	11749	14509	0.8097732441932594
sat_VERB	1799	59336	62302	0.9523931815993066
sat_VERB	1814	142062	142299	0.9983344928636182
sat_VERB	1829	237438	237449	0.9999536742626838
sat_VERB	1844	416506	416526	0.9999519837897274
sat_VERB	1859	485090	485131	0.9999154867448173
sat_VERB	1874	706558	706581	0.9999674488841336
sat_VERB	1889	1131094	1131098	0.9999964636132325
sat_VERB	1904	1364454	1364469	0.9999890067125013
sat_VERB	1919	1287426	1287431	0.999996116296718
sat_VERB	1934	1198821	1198846	0.9999791466126592
sat_VERB	1949	1573829	1573882	0.9999663253026593
sat_VERB	1964	2409955	2410303	0.9998556198121149
sat_VERB	1979	4702882	4703297	0.9999117640242579
sat_VERB	1994	13127310	13127745	0.9999668640729996
slid_VERB	1769	424	426	0.9953051643192489
slid_VERB	1784	885	894	0.9899328859060402
slid_VERB	1799	1506	1617	0.9313543599257885
slid_VERB	1814	2164	2522	0.8580491673275178
slid_VERB	1829	4535	5002	0.9066373450619752
slid_VERB	1844	8073	8709	0.9269720978298313
slid_VERB	1859	10535	10947	0.9623641180232027
slid_VERB	1874	16629	17229	0.9651749956468745
slid_VERB	1889	32624	33237	0.9815566988597045
slid_VERB	1904	52560	52888	0.993798215096052
slid_VERB	1919	56647	56880	0.9959036568213784
slid_VERB	1934	69636	69816	0.9974217944310759
slid_VERB	1949	99675	100006	0.9966901985880847
slid_VERB	1964	163754	164618	0.9947514852567763
slid_VERB	1979	537637	539031	0.9974138778660225
slid_VERB	1994	1618657	1621066	0.9985139408265918
sped_VERB	1769	244	259	0.9420849420849421
sped_VERB	1784	368	393	0.9363867684478372
sped_VERB	1799	1740	1864	0.9334763948497854
sped_VERB	1814	3253	3562	0.9132509825940482
sped_VERB	1829	6241	6663	0.9366651658412126
sped_VERB	1844	13430	14222	0.9443116298692167
sped_VERB	1859	16850	17517	0.9619227036593024
sped_VERB	1874	27286	28276	0.9649879756684113
sped_VERB	1889	46599	48741	0.9560534252477381
sped_VERB	1904	58475	64135	0.9117486551804787
sped_VERB	1919	47090	59645	0.7895045686981306
sped_VERB	1934	39529	66130	0.5977468622410403
sped_VERB	1949	50316	95402	0.5274103268275299
sped_VERB	1964	78516	153597	0.511181859020684
sped_VERB	1979	140444	223599	0.628106565771761
sped_VERB	1994	442342	550118	0.8040856688928557
trod_VERB	1769	1287	1292	0.9961300309597523
trod_VERB	1784	2183	2188	0.9977148080438757
trod_VERB	1799	6439	6450	0.9982945736434109
trod_VERB	1814	12162	12175	0.9989322381930185
trod_VERB	1829	17697	17716	0.9989275231429217
trod_VERB	1844	30691	30742	0.9983410318131546
trod_VERB	1859	28520	28637	0.995914376505919
trod_VERB	1874	36517	36566	0.9986599573374173
trod_VERB	1889	48130	48256	0.9973889257294429
trod_VERB	1904	49110	49276	0.9966312200665638
trod_VERB	1919	38934	39182	0.9936705630136287
trod_VERB	1934	28359	28677	0.9889109739512502
trod_VERB	1949	35831	36500	0.9816712328767123
trod_VERB	1964	53707	55313	0.9709652342125721
trod_VERB	1979	59568	63486	0.9382856062753993
trod_VERB	1994	164955	176611	0.9340018458646404
bet_VERB	1859	34	67	0.5074626865671642
bet_VERB	1874	45	79	0.569620253164557
bet_VERB	1889	107	156	0.6858974358974359
bet_VERB	1904	154	199	0.7738693467336684
bet_VERB	1919	208	245	0.8489795918367347
bet_VERB	1934	282	300	0.94
bet_VERB	1949	445	476	0.9348739495798319
bet_VERB	1964	776	803	0.9663760896637609
bet_VERB	1979	1604	1631	0.9834457388105456
bet_VERB	1994	4655	4747	0.9806193385295976
fit_VERB	1799	1	129	0.007751937984496124
fit_VERB	1814	0	197	0.0
fit_VERB	1829	2	268	0.007462686567164179
fit_VERB	1844	13	618	0.021035598705501618
fit_VERB	1859	18	635	0.028346456692913385
fit_VERB	1874	15	831	0.018050541516245487
fit_VERB	1889	19	1366	0.013909224011713031
fit_VERB	1904	35	1350	0.025925925925925925
fit_VERB	1919	65	1256	0.0517515923566879
fit_VERB	1934	86	1252	0.06869009584664537
fit_VERB	1949	152	1809	0.08402432283029299
fit_VERB	1964	361	2782	0.1297627606038821
fit_VERB	1979	1091	4284	0.25466853408029877
fit_VERB	1994	3357	9332	0.35972996142306046
knit_VERB	1874	1	59	0.01694915254237288
knit_VERB	1889	7	132	0.05303030303030303
knit_VERB	1904	7	127	0.05511811023622047
knit_VERB	1919	7	239	0.029288702928870293
knit_VERB	1934	2	138	0.014492753623188406
knit_VERB	1949	6	220	0.02727272727272727
knit_VERB	1964	14	250	0.056
knit_VERB	1979	8	428	0.018691588785046728
knit_VERB	1994	29	1133	0.02559576345984113
pat_VERB	1829	6	62	0.0967741935483871
pat_VERB	1844	15	112	0.13392857142857142
pat_VERB	1859	12	204	0.058823529411764705
pat_VERB	1874	21	385	0.05454545454545454
pat_VERB	1889	25	981	0.0254841997961264
pat_VERB	1904	35	2062	0.01697381183317168
pat_VERB	1919	27	2748	0.009825327510917031
pat_VERB	1934	15	3655	0.004103967168262654
pat_VERB	1949	11	4947	0.002223569840307257
pat_VERB	1964	69	7309	0.009440415925571214
pat_VERB	1979	88	26011	0.0033831840375225866
pat_VERB	1994	280	69511	0.004028139431169167
quit_VERB	1769	2	85	0.023529411764705882
quit_VERB	1784	0	386	0.0
quit_VERB	1799	5	598	0.008361204013377926
quit_VERB	1814	7	1071	0.006535947712418301
quit_VERB	1829	7	1299	0.005388760585065435
quit_VERB	1844	60	1971	0.030441400304414
quit_VERB	1859	30	1645	0.0182370820668693
quit_VERB	1874	111	1762	0.06299659477866061
quit_VERB	1889	163	1779	0.09162450815064643
quit_VERB	1904	413	1649	0.2504548211036992
quit_VERB	1919	628	1230	0.510569105691057
quit_VERB	1934	1026	1276	0.8040752351097179
quit_VERB	1949	1669	2026	0.8237907206317868
quit_VERB	1964	3646	4242	0.8595002357378595
quit_VERB	1979	6939	7217	0.9614798392683941
quit_VERB	1994	17005	19373	0.8777680276673722
thrust_VERB	1814	117	117	1.0
thrust_VERB	1829	254	258	0.9844961240310077
thrust_VERB	1844	409	412	0.9927184466019418
thrust_VERB	1859	583	583	1.0
thrust_VERB	1874	1022	1023	0.9990224828934506
thrust_VERB	1889	2542	2542	1.0
thrust_VERB	1904	4796	4801	0.9989585503020204
thrust_VERB	1919	4907	4908	0.9997962510187449
thrust_VERB	1934	4320	4322	0.999537251272559
thrust_VERB	1949	5199	5199	1.0
thrust_VERB	1964	6708	6712	0.9994040524433849
thrust_VERB	1979	16763	16779	0.9990464270814708
thrust_VERB	1994	43219	43314	0.9978067137646026
wed_VERB	1829	3	221	0.013574660633484163
wed_VERB	1844	3	98	0.030612244897959183
wed_VERB	1859	12	110	0.10909090909090909
wed_VERB	1874	3	141	0.02127659574468085
wed_VERB	1889	28	316	0.08860759493670886
wed_VERB	1904	21	910	0.023076923076923078
wed_VERB	1919	36	512	0.0703125
wed_VERB	1934	22	189	0.1164021164021164
wed_VERB	1949	40	153	0.26143790849673204
wed_VERB	1964	165	311	0.5305466237942122
wed_VERB	1979	456	590	0.7728813559322034
wed_VERB	1994	669	1066	0.6275797373358349