awoke_VERB	1769	269	713	0.37727910238429174
awoke_VERB	1779	511	1032	0.4951550387596899
awoke_VERB	1789	1129	2000	0.5645
awoke_VERB	1799	2859	4665	0.6128617363344051
awoke_VERB	1809	5260	8003	0.6572535299262776
awoke_VERB	1819	10973	14705	0.7462087725263515
awoke_VERB	1829	17371	20698	0.8392598318678133
awoke_VERB	1839	24909	28359	0.878345498783455
awoke_VERB	1849	38554	42904	0.898610852134999
awoke_VERB	1859	35998	39328	0.9153275020341741
awoke_VERB	1869	41585	44744	0.9293983550867155
awoke_VERB	1879	55583	59942	0.9272797037135898
awoke_VERB	1889	66614	71097	0.9369453000829853
awoke_VERB	1899	94054	100472	0.9361215064893702
awoke_VERB	1909	77834	81491	0.9551238787105325
awoke_VERB	1919	66136	69257	0.9549359631517391
awoke_VERB	1929	53858	56160	0.9590099715099715
awoke_VERB	1939	42111	43746	0.9626251542998217
awoke_VERB	1949	55031	56993	0.9655747197024196
awoke_VERB	1959	80848	83993	0.9625564035098163
awoke_VERB	1969	99387	102666	0.9680614809187073
awoke_VERB	1979	134073	136534	0.9819751856680388
awoke_VERB	1989	216922	220503	0.9837598581425196
awoke_VERB	1999	587792	602813	0.9750818247118095
blew_VERB	1769	1329	1385	0.9595667870036101
blew_VERB	1779	2127	2160	0.9847222222222223
blew_VERB	1789	2913	3042	0.9575936883629191
blew_VERB	1799	6390	6457	0.9896236642403593
blew_VERB	1809	12709	12902	0.9850410789024957
blew_VERB	1819	16501	16725	0.9866068759342302
blew_VERB	1829	20746	21100	0.9832227488151659
blew_VERB	1839	27068	27511	0.9838973501508488
blew_VERB	1849	36622	37405	0.979066969656463
blew_VERB	1859	32266	33105	0.9746563963147561
blew_VERB	1869	36608	37626	0.9729442406846329
blew_VERB	1879	48564	49887	0.9734800649467797
blew_VERB	1889	64752	66599	0.9722668508536164
blew_VERB	1899	101134	104282	0.9698126234633014
blew_VERB	1909	90802	93407	0.9721112978684681
blew_VERB	1919	91084	93415	0.9750468340202323
blew_VERB	1929	93460	95761	0.9759714288697904
blew_VERB	1939	93172	94807	0.9827544379634415
blew_VERB	1949	118493	120696	0.9817475309869425
blew_VERB	1959	167205	169953	0.9838308238159962
blew_VERB	1969	211015	214546	0.9835419909949381
blew_VERB	1979	303452	307760	0.9860020795425006
blew_VERB	1989	505610	511313	0.9888463622086667
blew_VERB	1999	1149661	1163638	0.9879885325161262
burnt_VERB	1769	4666	6835	0.6826627651792245
burnt_VERB	1779	5847	8993	0.6501723562771045
burnt_VERB	1789	8841	14207	0.6222988667558246
burnt_VERB	1799	22124	35296	0.6268132366273799
burnt_VERB	1809	36976	54830	0.674375341966077
burnt_VERB	1819	50827	79077	0.6427532658042161
burnt_VERB	1829	57119	99459	0.5742969464804593
burnt_VERB	1839	71549	138024	0.5183808612994841
burnt_VERB	1849	89691	192249	0.46653558666104894
burnt_VERB	1859	73797	176606	0.41786236028221013
burnt_VERB	1869	87692	205493	0.42673959696923985
burnt_VERB	1879	99282	276285	0.3593463271621695
burnt_VERB	1889	102037	314058	0.3248985856115749
burnt_VERB	1899	136277	475205	0.2867751812375712
burnt_VERB	1909	100134	407176	0.24592313888834313
burnt_VERB	1919	88943	347879	0.2556722308618801
burnt_VERB	1929	75022	313201	0.23953307939629823
burnt_VERB	1939	53937	290518	0.18565803151611948
burnt_VERB	1949	84920	371712	0.2284564393939394
burnt_VERB	1959	140916	565412	0.2492271122650386
burnt_VERB	1969	166066	715030	0.23225039508831796
burnt_VERB	1979	158632	840679	0.18869509051611852
burnt_VERB	1989	208783	1312209	0.15910803842985377
burnt_VERB	1999	486069	2700036	0.18002315524681894
caught_VERB	1769	3692	4175	0.884311377245509
caught_VERB	1779	5087	5663	0.8982871269645064
caught_VERB	1789	10453	10982	0.9518302677107995
caught_VERB	1799	24571	25450	0.9654616895874263
caught_VERB	1809	35019	36491	0.9596612863445781
caught_VERB	1819	60672	62357	0.9729781740622544
caught_VERB	1829	86997	88192	0.9864500181422351
caught_VERB	1839	106464	107858	0.9870755993992101
caught_VERB	1849	161979	163443	0.9910427488482223
caught_VERB	1859	175720	176947	0.9930657202439148
caught_VERB	1869	221398	222460	0.9952261080643712
caught_VERB	1879	309824	311245	0.9954344648106797
caught_VERB	1889	391924	393691	0.9955117084210714
caught_VERB	1899	611897	614842	0.9952101515511302
caught_VERB	1909	578741	580384	0.9971691156200033
caught_VERB	1919	546426	547953	0.9972132646413104
caught_VERB	1929	520416	521868	0.9972176872312539
caught_VERB	1939	485538	486413	0.9982011171576417
caught_VERB	1949	686474	687639	0.9983057970824808
caught_VERB	1959	1043417	1045574	0.9979370183267755
caught_VERB	1969	1433507	1436103	0.998192330215869
caught_VERB	1979	2037229	2039823	0.9987283210356978
caught_VERB	1989	3384070	3387266	0.9990564661883655
caught_VERB	1999	7052097	7060719	0.9987788779018114
clove_VERB	1769	26	70	0.37142857142857144
clove_VERB	1779	12	59	0.2033898305084746
clove_VERB	1789	21	93	0.22580645161290322
clove_VERB	1799	83	290	0.28620689655172415
clove_VERB	1809	104	472	0.22033898305084745
clove_VERB	1819	287	928	0.30926724137931033
clove_VERB	1829	324	994	0.32595573440643866
clove_VERB	1839	560	1481	0.37812288993923027
clove_VERB	1849	837	2036	0.4111001964636542
clove_VERB	1859	651	1557	0.41811175337186895
clove_VERB	1869	886	1887	0.46952835188129305
clove_VERB	1879	1080	2350	0.4595744680851064
clove_VERB	1889	1454	2708	0.5369276218611522
clove_VERB	1899	2132	3855	0.5530479896238651
clove_VERB	1909	1514	2988	0.5066934404283802
clove_VERB	1919	1479	2772	0.5335497835497836
clove_VERB	1929	1229	2608	0.4712423312883436
clove_VERB	1939	740	2345	0.31556503198294245
clove_VERB	1949	906	4481	0.20218701182771703
clove_VERB	1959	1352	9886	0.13675905320655474
clove_VERB	1969	1562	22624	0.06904172560113155
clove_VERB	1979	2085	47456	0.043935434929197575
clove_VERB	1989	3275	68080	0.04810517038777908
clove_VERB	1999	8086	95091	0.08503433553122798
crept_VERB	1769	1043	1058	0.9858223062381852
crept_VERB	1779	1063	1099	0.9672429481346679
crept_VERB	1789	1899	2041	0.9304262616364527
crept_VERB	1799	4449	4529	0.9823360565246191
crept_VERB	1809	7089	7207	0.9836270292770917
crept_VERB	1819	12723	12899	0.9863555314365454
crept_VERB	1829	16636	16743	0.9936092695454817
crept_VERB	1839	22861	22997	0.9940861851545854
crept_VERB	1849	33892	34025	0.9960911094783248
crept_VERB	1859	34946	35013	0.9980864250421272
crept_VERB	1869	42857	42928	0.9983460678345136
crept_VERB	1879	56106	56173	0.9988072561550922
crept_VERB	1889	69122	69187	0.9990605171491754
crept_VERB	1899	106636	106727	0.9991473572760408
crept_VERB	1909	98913	98995	0.9991716753371382
crept_VERB	1919	91448	91525	0.9991586998087955
crept_VERB	1929	79918	79999	0.9989874873435918
crept_VERB	1939	63071	63117	0.9992711947652771
crept_VERB	1949	78133	78228	0.9987856010635578
crept_VERB	1959	107434	107633	0.9981511246550779
crept_VERB	1969	125472	125833	0.9971311182281277
crept_VERB	1979	169275	169903	0.996303773329488
crept_VERB	1989	265682	267081	0.9947618887154084
crept_VERB	1999	673550	680082	0.990395275863793
dove_VERB	1769	7	78	0.08974358974358974
dove_VERB	1779	12	110	0.10909090909090909
dove_VERB	1789	39	228	0.17105263157894737
dove_VERB	1799	62	512	0.12109375
dove_VERB	1809	91	725	0.12551724137931033
dove_VERB	1819	155	1255	0.12350597609561753
dove_VERB	1829	129	1897	0.0680021085925145
dove_VERB	1839	346	2890	0.11972318339100346
dove_VERB	1849	378	4195	0.0901072705601907
dove_VERB	1859	372	4054	0.09176122348297977
dove_VERB	1869	490	5244	0.09344012204424104
dove_VERB	1879	533	6459	0.08252051401145688
dove_VERB	1889	839	8958	0.09365929895065862
dove_VERB	1899	1555	14072	0.1105031267765776
dove_VERB	1909	2004	17222	0.11636279177795843
dove_VERB	1919	2143	19803	0.1082159268797657
dove_VERB	1929	2184	19030	0.11476615869679453
dove_VERB	1939	3472	23671	0.14667736893244898
dove_VERB	1949	3446	28823	0.1195572979911876
dove_VERB	1959	5832	39905	0.14614709936098233
dove_VERB	1969	9284	46839	0.1982108926322082
dove_VERB	1979	18792	73728	0.2548828125
dove_VERB	1989	39223	114797	0.34167269179508175
dove_VERB	1999	96645	253597	0.38109677953603555
dreamt_VERB	1769	247	774	0.31912144702842377
dreamt_VERB	1779	263	745	0.3530201342281879
dreamt_VERB	1789	475	1476	0.3218157181571816
dreamt_VERB	1799	1334	3531	0.37779665817048996
dreamt_VERB	1809	1959	5812	0.33706125258086717
dreamt_VERB	1819	3980	11333	0.3511867996117533
dreamt_VERB	1829	5773	18483	0.31234107017259105
dreamt_VERB	1839	7443	27456	0.2710882867132867
dreamt_VERB	1849	10668	44654	0.2389035696690106
dreamt_VERB	1859	11423	43481	0.26271244911570574
dreamt_VERB	1869	13931	54203	0.2570152943564009
dreamt_VERB	1879	18341	78135	0.2347347539514942
dreamt_VERB	1889	19328	100313	0.19267692123652966
dreamt_VERB	1899	26207	153823	0.17037114085669894
dreamt_VERB	1909	21340	142585	0.14966511203843322
dreamt_VERB	1919	21499	136404	0.15761267998005923
dreamt_VERB	1929	20486	124158	0.1649994362022584
dreamt_VERB	1939	14352	109398	0.13119069818461032
dreamt_VERB	1949	24994	144869	0.17252828417397786
dreamt_VERB	1959	39372	220138	0.17885144772824318
dreamt_VERB	1969	50441	273885	0.18416853788999032
dreamt_VERB	1979	55768	338067	0.1649613833944159
dreamt_VERB	1989	89023	552244	0.16120229463787747
dreamt_VERB	1999	200065	1154746	0.17325455121732397
dwelt_VERB	1769	1864	1943	0.9593412249099331
dwelt_VERB	1779	2659	2775	0.9581981981981982
dwelt_VERB	1789	4597	4890	0.940081799591002
dwelt_VERB	1799	11268	11625	0.9692903225806452
dwelt_VERB	1809	20571	21146	0.9728080960938239
dwelt_VERB	1819	33561	34139	0.9830692170245174
dwelt_VERB	1829	49030	49810	0.9843404938767316
dwelt_VERB	1839	67215	67959	0.9890522226636649
dwelt_VERB	1849	94933	95705	0.991933545791756
dwelt_VERB	1859	77908	78599	0.9912085395488492
dwelt_VERB	1869	93021	94002	0.9895640518286845
dwelt_VERB	1879	119425	120753	0.9890023436270734
dwelt_VERB	1889	133504	135203	0.9874337107904411
dwelt_VERB	1899	168940	171067	0.9875662752021138
dwelt_VERB	1909	121345	123271	0.9843758872727568
dwelt_VERB	1919	99380	101243	0.981598727813281
dwelt_VERB	1929	73276	74988	0.9771696804822105
dwelt_VERB	1939	51644	53260	0.9696582801351858
dwelt_VERB	1949	71397	74169	0.9626258949156655
dwelt_VERB	1959	109090	115627	0.9434647616906086
dwelt_VERB	1969	118337	129097	0.9166518199493404
dwelt_VERB	1979	96670	111892	0.8639581024559396
dwelt_VERB	1989	120344	148299	0.8114956945090661
dwelt_VERB	1999	374307	431123	0.8682139435845455
froze_VERB	1769	159	166	0.9578313253012049
froze_VERB	1779	190	191	0.9947643979057592
froze_VERB	1789	353	357	0.988795518207283
froze_VERB	1799	650	659	0.9863429438543247
froze_VERB	1809	1111	1137	0.9771328056288479
froze_VERB	1819	1515	1533	0.9882583170254403
froze_VERB	1829	2025	2049	0.9882869692532943
froze_VERB	1839	2638	2680	0.9843283582089553
froze_VERB	1849	4596	4626	0.993514915693904
froze_VERB	1859	3871	3900	0.9925641025641025
froze_VERB	1869	5016	5041	0.9950406665344178
froze_VERB	1879	6915	6955	0.9942487419122933
froze_VERB	1889	9142	9169	0.9970552950158141
froze_VERB	1899	14648	14746	0.9933541299335413
froze_VERB	1909	14255	14289	0.997620547274127
froze_VERB	1919	14385	14436	0.9964671654197839
froze_VERB	1929	16339	16381	0.9974360539649594
froze_VERB	1939	19530	19560	0.9984662576687117
froze_VERB	1949	25733	25835	0.9960518676214438
froze_VERB	1959	38362	38589	0.99411749462282
froze_VERB	1969	55001	55307	0.994467246460665
froze_VERB	1979	105009	105443	0.995884032131104
froze_VERB	1989	204715	205242	0.9974322994318902
froze_VERB	1999	436220	436901	0.9984412944809007
hung_VERB	1769	4167	6418	0.6492676846369586
hung_VERB	1779	4993	7657	0.6520830612511428
hung_VERB	1789	8983	13329	0.6739440318103384
hung_VERB	1799	21462	31268	0.6863886401432775
hung_VERB	1809	32550	49074	0.663284020051351
hung_VERB	1819	57854	81391	0.710815692152695
hung_VERB	1829	73152	99543	0.7348783942617764
hung_VERB	1839	99685	137047	0.7273781987201471
hung_VERB	1849	150333	198224	0.7583995883444992
hung_VERB	1859	137708	178785	0.7702435886679532
hung_VERB	1869	161958	209288	0.7738522992240358
hung_VERB	1879	222331	289247	0.7686544717836313
hung_VERB	1889	266742	338400	0.7882446808510638
hung_VERB	1899	393156	504492	0.7793106729145358
hung_VERB	1909	335040	407410	0.82236567585479
hung_VERB	1919	310588	377307	0.8231705216176747
hung_VERB	1929	297328	362022	0.8212981531509135
hung_VERB	1939	262648	312052	0.8416802327817159
hung_VERB	1949	337365	408951	0.8249521336297013
hung_VERB	1959	475479	593717	0.8008512473114295
hung_VERB	1969	612993	752415	0.8147006638623632
hung_VERB	1979	844314	980309	0.8612733332041224
hung_VERB	1989	1404133	1604276	0.875244035315619
hung_VERB	1999	3177132	3603300	0.8817284156190159
hove_VERB	1769	112	278	0.4028776978417266
hove_VERB	1779	148	340	0.43529411764705883
hove_VERB	1789	276	641	0.43057722308892354
hove_VERB	1799	830	1931	0.4298291040911445
hove_VERB	1809	1551	3246	0.477818853974122
hove_VERB	1819	2445	5966	0.4098223265169293
hove_VERB	1829	4283	8433	0.5078856871813116
hove_VERB	1839	5461	11040	0.4946557971014493
hove_VERB	1849	6404	14620	0.4380300957592339
hove_VERB	1859	5032	12561	0.40060504736884006
hove_VERB	1869	5373	13458	0.39924208649130627
hove_VERB	1879	6700	16629	0.4029105779060677
hove_VERB	1889	8163	22004	0.37097800399927283
hove_VERB	1899	10078	31278	0.3222073022571776
hove_VERB	1909	9721	27112	0.35854971968132193
hove_VERB	1919	9381	26746	0.350744036491438
hove_VERB	1929	8726	26204	0.33300259502366053
hove_VERB	1939	8046	24570	0.3274725274725275
hove_VERB	1949	9965	32144	0.3100111996017919
hove_VERB	1959	13582	44428	0.30570811200144055
hove_VERB	1969	14657	53083	0.2761147636719854
hove_VERB	1979	15367	80669	0.1904944898288066
hove_VERB	1989	19007	127825	0.14869548210443967
hove_VERB	1999	53624	292053	0.1836105090514393
hewn_VERB	1769	774	1543	0.5016202203499676
hewn_VERB	1779	1017	1730	0.5878612716763005
hewn_VERB	1789	1650	2668	0.618440779610195
hewn_VERB	1799	2648	3903	0.6784524724570843
hewn_VERB	1809	3617	4793	0.7546421865220113
hewn_VERB	1819	4765	6263	0.7608174996008302
hewn_VERB	1829	6448	8260	0.7806295399515738
hewn_VERB	1839	8607	11166	0.7708221386351424
hewn_VERB	1849	11342	15004	0.7559317515329246
hewn_VERB	1859	9472	12503	0.7575781812365032
hewn_VERB	1869	11815	15574	0.7586361885193271
hewn_VERB	1879	14730	19665	0.7490465293668955
hewn_VERB	1889	14803	20903	0.7081758599244128
hewn_VERB	1899	19843	28221	0.7031288756599695
hewn_VERB	1909	13861	20591	0.6731581759020931
hewn_VERB	1919	11538	16851	0.6847071390421934
hewn_VERB	1929	10320	14737	0.7002782113048789
hewn_VERB	1939	8151	12054	0.6762070681931309
hewn_VERB	1949	11291	16306	0.692444498957439
hewn_VERB	1959	17280	24698	0.6996517936675034
hewn_VERB	1969	19887	28336	0.7018280632411067
hewn_VERB	1979	17630	25372	0.6948604761154028
hewn_VERB	1989	23670	33304	0.7107254383857795
hewn_VERB	1999	58349	83759	0.6966296159218711
knelt_VERB	1769	51	367	0.13896457765667575
knelt_VERB	1779	162	491	0.329938900203666
knelt_VERB	1789	437	1018	0.4292730844793713
knelt_VERB	1799	1429	2719	0.5255608679661641
knelt_VERB	1809	1982	4391	0.4513778182646322
knelt_VERB	1819	6598	10652	0.6194141945174615
knelt_VERB	1829	9954	14607	0.6814540973505854
knelt_VERB	1839	18038	23987	0.7519906616083712
knelt_VERB	1849	27363	34272	0.7984068627450981
knelt_VERB	1859	26606	32002	0.8313855384038498
knelt_VERB	1869	33015	38516	0.8571762384463599
knelt_VERB	1879	41043	47495	0.8641541214864723
knelt_VERB	1889	46857	53662	0.8731877306101151
knelt_VERB	1899	68489	78733	0.8698893729440006
knelt_VERB	1909	54991	61263	0.8976217292656252
knelt_VERB	1919	44121	49570	0.8900746419205164
knelt_VERB	1929	41687	46262	0.9011067398728978
knelt_VERB	1939	34796	38117	0.9128735210011281
knelt_VERB	1949	46641	50876	0.916758392955421
knelt_VERB	1959	60678	67683	0.8965028145915518
knelt_VERB	1969	76573	85501	0.8955801686529982
knelt_VERB	1979	131566	143504	0.9168106812353662
knelt_VERB	1989	238812	258783	0.922827233628175
knelt_VERB	1999	572081	640458	0.8932373395288996
leant_VERB	1769	23	372	0.06182795698924731
leant_VERB	1779	61	475	0.12842105263157894
leant_VERB	1789	110	1005	0.10945273631840796
leant_VERB	1799	336	2525	0.13306930693069308
leant_VERB	1809	464	3913	0.11857909532328137
leant_VERB	1819	1352	7698	0.1756300337750065
leant_VERB	1829	2082	11025	0.18884353741496598
leant_VERB	1839	3404	16737	0.20338172910318456
leant_VERB	1849	4915	27492	0.17877928124545323
leant_VERB	1859	6016	27545	0.21840624432746414
leant_VERB	1869	7891	34743	0.2271248884667415
leant_VERB	1879	9534	49318	0.19331684172107547
leant_VERB	1889	10095	71482	0.14122436417559667
leant_VERB	1899	14297	129527	0.1103785311170644
leant_VERB	1909	13711	125627	0.10914055099620304
leant_VERB	1919	13821	114750	0.12044444444444445
leant_VERB	1929	14070	117291	0.1199580530475484
leant_VERB	1939	8053	116216	0.06929338473187857
leant_VERB	1949	13018	149314	0.08718539453768569
leant_VERB	1959	16133	185982	0.08674495381273456
leant_VERB	1969	18580	253761	0.07321850087286856
leant_VERB	1979	25255	562539	0.044894665080998826
leant_VERB	1989	35163	1126613	0.031211250003328563
leant_VERB	1999	101460	2560819	0.03962013715143475
leapt_VERB	1769	151	712	0.21207865168539325
leapt_VERB	1779	187	906	0.206401766004415
leapt_VERB	1789	210	1529	0.13734466971877043
leapt_VERB	1799	604	3995	0.15118898623279098
leapt_VERB	1809	963	5885	0.16363636363636364
leapt_VERB	1819	1655	10058	0.164545635315172
leapt_VERB	1829	1843	12755	0.14449235593884752
leapt_VERB	1839	2873	17527	0.16391852570320078
leapt_VERB	1849	4260	28321	0.1504184174287631
leapt_VERB	1859	4623	27954	0.1653788366602275
leapt_VERB	1869	6180	31057	0.198988955790965
leapt_VERB	1879	9038	44830	0.20160606736560338
leapt_VERB	1889	12806	62919	0.20353152465868815
leapt_VERB	1899	20630	104680	0.19707680550248377
leapt_VERB	1909	20789	96861	0.21462714611660008
leapt_VERB	1919	24639	95587	0.25776517727306014
leapt_VERB	1929	28205	86320	0.32674930491195553
leapt_VERB	1939	19110	73329	0.26060630855459643
leapt_VERB	1949	28218	92106	0.3063644062276073
leapt_VERB	1959	39872	127882	0.3117874290361427
leapt_VERB	1969	48140	156224	0.3081472757066776
leapt_VERB	1979	76718	235961	0.32513000029665917
leapt_VERB	1989	157005	386039	0.40670761244330234
leapt_VERB	1999	344368	907158	0.3796119308874529
learnt_VERB	1769	1737	11283	0.1539484179739431
learnt_VERB	1779	2426	16729	0.14501763404865803
learnt_VERB	1789	3920	26192	0.14966401954795358
learnt_VERB	1799	11572	63032	0.1835892879807082
learnt_VERB	1809	20385	102523	0.19883343249807361
learnt_VERB	1819	29016	162589	0.1784622575943022
learnt_VERB	1829	33129	200673	0.16508947392025833
learnt_VERB	1839	40618	266675	0.15231274022686792
learnt_VERB	1849	59531	366761	0.16231551337246872
learnt_VERB	1859	58836	323131	0.18208095168832455
learnt_VERB	1869	77269	392085	0.19707206345562825
learnt_VERB	1879	95718	538331	0.17780510503760696
learnt_VERB	1889	106566	652160	0.16340468596663396
learnt_VERB	1899	138307	951374	0.14537605610411888
learnt_VERB	1909	116647	879277	0.1326624033154512
learnt_VERB	1919	125108	847358	0.1476447971223497
learnt_VERB	1929	118168	852506	0.13861251416412318
learnt_VERB	1939	78757	848191	0.09285290695138242
learnt_VERB	1949	143078	1199624	0.1192690376317913
learnt_VERB	1959	232124	1985247	0.11692449352649821
learnt_VERB	1969	269965	2647401	0.10197359599093601
learnt_VERB	1979	266369	3184846	0.08363638304646441
learnt_VERB	1989	353360	5238440	0.06745519658524293
learnt_VERB	1999	781769	10241224	0.07633550442798634
shook_VERB	1769	1276	1287	0.9914529914529915
shook_VERB	1779	1634	1640	0.9963414634146341
shook_VERB	1789	3350	3372	0.9934756820877817
shook_VERB	1799	8192	8272	0.9903288201160542
shook_VERB	1809	13433	13611	0.9869223422232019
shook_VERB	1819	26293	26492	0.9924882983542201
shook_VERB	1829	34401	34573	0.995025019523906
shook_VERB	1839	45987	46585	0.9871632499731673
shook_VERB	1849	71796	72050	0.9964746703678001
shook_VERB	1859	75296	75485	0.9974961912962841
shook_VERB	1869	89797	89997	0.9977777037012345
shook_VERB	1879	123337	123604	0.9978398757321769
shook_VERB	1889	164355	164609	0.9984569494985086
shook_VERB	1899	271109	271539	0.9984164337351172
shook_VERB	1909	261980	262261	0.998928548278242
shook_VERB	1919	243837	244087	0.998975775031034
shook_VERB	1929	239698	239945	0.9989705974285774
shook_VERB	1939	232127	232363	0.9989843477662106
shook_VERB	1949	291195	291561	0.9987446880755657
shook_VERB	1959	367771	368569	0.9978348694545661
shook_VERB	1969	495211	495938	0.9985340909549177
shook_VERB	1979	1015340	1016150	0.9992028735914973
shook_VERB	1989	1973392	1974348	0.9995157895163366
shook_VERB	1999	4516078	4518113	0.9995495907251545
shorn_VERB	1769	147	166	0.8855421686746988
shorn_VERB	1779	173	184	0.9402173913043478
shorn_VERB	1789	316	341	0.9266862170087976
shorn_VERB	1799	898	1006	0.8926441351888668
shorn_VERB	1809	1822	1995	0.9132832080200501
shorn_VERB	1819	2435	2731	0.8916147931160747
shorn_VERB	1829	4024	4265	0.9434935521688159
shorn_VERB	1839	5885	6471	0.9094421264101376
shorn_VERB	1849	8849	9753	0.9073105711063263
shorn_VERB	1859	7585	8572	0.8848576761549231
shorn_VERB	1869	9252	10580	0.8744801512287335
shorn_VERB	1879	11982	13958	0.8584324401776758
shorn_VERB	1889	13853	16544	0.8373428433268859
shorn_VERB	1899	19147	23965	0.7989568120175256
shorn_VERB	1909	17092	23327	0.7327131650019291
shorn_VERB	1919	15160	20461	0.7409217535799815
shorn_VERB	1929	13237	18461	0.7170250798981637
shorn_VERB	1939	11499	18145	0.6337282998071094
shorn_VERB	1949	15499	24508	0.6324057450628366
shorn_VERB	1959	24760	37208	0.6654482906901742
shorn_VERB	1969	26855	43306	0.6201219230591604
shorn_VERB	1979	25745	47469	0.5423539573195137
shorn_VERB	1989	34755	63337	0.54873138923536
shorn_VERB	1999	71668	116947	0.6128246128588164
shone_VERB	1769	1233	1373	0.8980335032774945
shone_VERB	1779	1562	1711	0.9129164231443601
shone_VERB	1789	2743	2971	0.9232581622349377
shone_VERB	1799	7420	8035	0.9234598630989421
shone_VERB	1809	12341	13642	0.9046327517959244
shone_VERB	1819	22244	24040	0.9252911813643927
shone_VERB	1829	28594	30954	0.9237578342055954
shone_VERB	1839	38535	41641	0.925410052592397
shone_VERB	1849	58881	61366	0.9595052635009614
shone_VERB	1859	51973	53945	0.9634442487718973
shone_VERB	1869	62775	64755	0.9694232105628909
shone_VERB	1879	80677	82989	0.9721408861415368
shone_VERB	1889	97640	99684	0.9794952048473176
shone_VERB	1899	141430	144199	0.980797370300765
shone_VERB	1909	110899	113197	0.9796991086336211
shone_VERB	1919	99220	101748	0.9751543027872783
shone_VERB	1929	86046	88897	0.9679291764626478
shone_VERB	1939	71002	74468	0.9534565182360208
shone_VERB	1949	90383	94700	0.9544139387539599
shone_VERB	1959	119939	126365	0.9491473113599493
shone_VERB	1969	138952	147912	0.939423440964898
shone_VERB	1979	179167	192883	0.9288895340698765
shone_VERB	1989	274381	302709	0.9064183754034403
shone_VERB	1999	696398	775841	0.8976040193802596
slain_VERB	1769	3356	3357	0.9997021149836163
slain_VERB	1779	3681	3687	0.9983726606997559
slain_VERB	1789	6515	6526	0.9983144345694146
slain_VERB	1799	21700	21709	0.9995854253996038
slain_VERB	1809	34944	34953	0.9997425113724144
slain_VERB	1819	49875	49888	0.9997394162924952
slain_VERB	1829	61490	61510	0.9996748496179483
slain_VERB	1839	71005	71032	0.9996198896272103
slain_VERB	1849	99616	99660	0.9995584988962473
slain_VERB	1859	75314	75353	0.9994824360012209
slain_VERB	1869	85991	86014	0.9997326016694956
slain_VERB	1879	108967	109045	0.9992846989774864
slain_VERB	1889	113967	114066	0.9991320814265425
slain_VERB	1899	142897	142989	0.9993565938638637
slain_VERB	1909	97125	97163	0.9996089046241882
slain_VERB	1919	77328	77425	0.9987471746851792
slain_VERB	1929	64090	64176	0.9986599351782598
slain_VERB	1939	43297	43433	0.9968687403587134
slain_VERB	1949	61653	61774	0.9980412471266229
slain_VERB	1959	102804	103111	0.9970226261019678
slain_VERB	1969	109029	109434	0.9962991392071934
slain_VERB	1979	97800	98519	0.992701915366579
slain_VERB	1989	139059	140463	0.9900044851669123
slain_VERB	1999	397315	400693	0.9915696056581972
slunk_VERB	1799	260	263	0.9885931558935361
slunk_VERB	1809	454	466	0.9742489270386266
slunk_VERB	1819	1040	1045	0.9952153110047847
slunk_VERB	1829	1466	1476	0.9932249322493225
slunk_VERB	1839	1820	1837	0.9907457811649428
slunk_VERB	1849	2645	2670	0.9906367041198502
slunk_VERB	1859	3002	3022	0.9933818663136995
slunk_VERB	1869	3567	3589	0.9938701588186124
slunk_VERB	1879	4430	4463	0.9926058704907014
slunk_VERB	1889	5595	5634	0.9930777422790202
slunk_VERB	1899	8792	8852	0.9932218707636692
slunk_VERB	1909	7515	7586	0.9906406538360137
slunk_VERB	1919	7020	7079	0.9916654894759147
slunk_VERB	1929	6239	6347	0.9829840869702221
slunk_VERB	1939	4391	4450	0.9867415730337079
slunk_VERB	1949	5325	5398	0.9864764727676918
slunk_VERB	1959	6805	6960	0.9777298850574713
slunk_VERB	1969	8054	8381	0.9609831762319532
slunk_VERB	1979	10444	11194	0.9329998213328569
slunk_VERB	1989	18095	20235	0.8942426488757104
slunk_VERB	1999	52376	58960	0.8883310719131615
smelt_VERB	1769	155	233	0.6652360515021459
smelt_VERB	1779	193	256	0.75390625
smelt_VERB	1789	261	393	0.6641221374045801
smelt_VERB	1799	779	1046	0.7447418738049714
smelt_VERB	1809	1172	1705	0.6873900293255132
smelt_VERB	1819	1989	2637	0.7542662116040956
smelt_VERB	1829	2596	3492	0.7434135166093929
smelt_VERB	1839	3494	4600	0.7595652173913043
smelt_VERB	1849	5838	7244	0.8059083379348426
smelt_VERB	1859	6577	7972	0.8250125439036629
smelt_VERB	1869	8042	9861	0.8155359497008416
smelt_VERB	1879	10482	13289	0.7887726691248401
smelt_VERB	1889	13173	17675	0.7452899575671853
smelt_VERB	1899	20345	30217	0.6732964887315087
smelt_VERB	1909	17435	28136	0.6196687517770827
smelt_VERB	1919	18635	31541	0.5908182999904885
smelt_VERB	1929	20142	38897	0.5178291384939713
smelt_VERB	1939	14432	39959	0.3611701994544408
smelt_VERB	1949	20413	52567	0.38832347290124986
smelt_VERB	1959	28501	76832	0.37095220741357765
smelt_VERB	1969	31788	101053	0.3145676031389469
smelt_VERB	1979	37480	176951	0.21181004910964052
smelt_VERB	1989	51663	342725	0.1507418484207455
smelt_VERB	1999	116318	752588	0.15455734080267025
snuck_VERB	1789	0	59	0.0
snuck_VERB	1799	1	133	0.007518796992481203
snuck_VERB	1809	1	240	0.004166666666666667
snuck_VERB	1819	1	444	0.0022522522522522522
snuck_VERB	1829	0	458	0.0
snuck_VERB	1839	0	774	0.0
snuck_VERB	1849	0	1019	0.0
snuck_VERB	1859	0	1114	0.0
snuck_VERB	1869	1	1170	0.0008547008547008547
snuck_VERB	1879	1	1739	0.0005750431282346176
snuck_VERB	1889	1	2609	0.0003832886163280951
snuck_VERB	1899	14	4971	0.002816334741500704
snuck_VERB	1909	26	5509	0.00471954982755491
snuck_VERB	1919	97	6059	0.01600924244924905
snuck_VERB	1929	168	7134	0.023549201009251473
snuck_VERB	1939	211	8475	0.024896755162241886
snuck_VERB	1949	299	10049	0.029754204398447608
snuck_VERB	1959	652	15985	0.04078823897403816
snuck_VERB	1969	2128	23499	0.09055704498063748
snuck_VERB	1979	7035	41270	0.17046280591228496
snuck_VERB	1989	23298	85916	0.27117184226453744
snuck_VERB	1999	77268	200019	0.3863033011863873
spelt_VERB	1769	176	270	0.6518518518518519
spelt_VERB	1779	325	388	0.8376288659793815
spelt_VERB	1789	447	639	0.6995305164319249
spelt_VERB	1799	1095	1550	0.7064516129032258
spelt_VERB	1809	1809	2545	0.7108055009823183
spelt_VERB	1819	2424	3481	0.6963516230968113
spelt_VERB	1829	3214	5107	0.6293322890150773
spelt_VERB	1839	4346	6791	0.6399646591076424
spelt_VERB	1849	7472	12462	0.5995827315037715
spelt_VERB	1859	7555	11991	0.6300558752397631
spelt_VERB	1869	9141	15021	0.6085480327541442
spelt_VERB	1879	11068	20962	0.528003053143784
spelt_VERB	1889	11731	24471	0.4793837603694169
spelt_VERB	1899	16191	39675	0.4080907372400756
spelt_VERB	1909	12888	40659	0.3169777908950048
spelt_VERB	1919	13402	43272	0.30971528933259385
spelt_VERB	1929	12176	41112	0.29616656937147307
spelt_VERB	1939	8508	43727	0.1945708601093146
spelt_VERB	1949	14932	75659	0.19735920379597932
spelt_VERB	1959	26491	147335	0.17980113347134083
spelt_VERB	1969	39869	220377	0.18091270867649528
spelt_VERB	1979	48419	287830	0.16822082479241218
spelt_VERB	1989	68695	419055	0.16392836262543103
spelt_VERB	1999	121941	661634	0.1843028018511745
spilt_VERB	1769	421	460	0.9152173913043479
spilt_VERB	1779	542	599	0.9048414023372288
spilt_VERB	1789	770	912	0.8442982456140351
spilt_VERB	1799	1822	2182	0.8350137488542622
spilt_VERB	1809	2649	3228	0.820631970260223
spilt_VERB	1819	3845	4858	0.7914779744750926
spilt_VERB	1829	4305	5894	0.7304038004750594
spilt_VERB	1839	5072	6898	0.7352855900260945
spilt_VERB	1849	6372	9504	0.6704545454545454
spilt_VERB	1859	5155	8041	0.6410894167392115
spilt_VERB	1869	5368	8551	0.6277628347561689
spilt_VERB	1879	7300	11927	0.612056678125262
spilt_VERB	1889	7561	13800	0.5478985507246377
spilt_VERB	1899	10434	21011	0.49659702060825284
spilt_VERB	1909	8338	20608	0.4046001552795031
spilt_VERB	1919	7719	21291	0.3625475553050585
spilt_VERB	1929	7783	23230	0.3350408953938872
spilt_VERB	1939	5707	25741	0.22170855833106717
spilt_VERB	1949	7468	35148	0.21247297143507454
spilt_VERB	1959	12131	56929	0.21308998928489872
spilt_VERB	1969	15181	87531	0.17343569706732473
spilt_VERB	1979	15587	139170	0.11199971258173456
spilt_VERB	1989	23079	254538	0.09067015534026354
spilt_VERB	1999	56405	493890	0.11420559233837495
spoilt_VERB	1769	102	1421	0.07178043631245602
spoilt_VERB	1779	149	1625	0.0916923076923077
spoilt_VERB	1789	199	2417	0.08233347124534547
spoilt_VERB	1799	432	5737	0.07530067979780374
spoilt_VERB	1809	562	9551	0.05884200607266255
spoilt_VERB	1819	1059	14274	0.07419083648591845
spoilt_VERB	1829	1539	16958	0.09075362660691119
spoilt_VERB	1839	2589	21130	0.12252721249408424
spoilt_VERB	1849	4114	28268	0.1455355879439649
spoilt_VERB	1859	5345	28058	0.19049825361750658
spoilt_VERB	1869	8970	37226	0.24096061892225865
spoilt_VERB	1879	12239	48336	0.25320671962926183
spoilt_VERB	1889	13759	56342	0.24420503354513506
spoilt_VERB	1899	21237	89851	0.23635797041769152
spoilt_VERB	1909	18292	77206	0.23692459135300364
spoilt_VERB	1919	19050	73745	0.25832259814224695
spoilt_VERB	1929	17789	67720	0.2626845835794448
spoilt_VERB	1939	10172	54403	0.18697498299726117
spoilt_VERB	1949	17159	74393	0.2306534216929012
spoilt_VERB	1959	22857	104042	0.21969012514176967
spoilt_VERB	1969	25984	125830	0.20650083445919099
spoilt_VERB	1979	25014	141964	0.17619959989856585
spoilt_VERB	1989	31095	199029	0.15623351370905747
spoilt_VERB	1999	71651	418135	0.1713585325313595
strewn_VERB	1769	27	456	0.05921052631578947
strewn_VERB	1779	47	723	0.06500691562932227
strewn_VERB	1789	113	1432	0.07891061452513966
strewn_VERB	1799	362	3990	0.09072681704260652
strewn_VERB	1809	414	5977	0.0692655178183035
strewn_VERB	1819	965	11037	0.08743317930597083
strewn_VERB	1829	2361	16064	0.1469746015936255
strewn_VERB	1839	5500	23961	0.22953966862818748
strewn_VERB	1849	11025	32935	0.33475026567481403
strewn_VERB	1859	13743	29451	0.4666395029031272
strewn_VERB	1869	19688	33533	0.5871231324367041
strewn_VERB	1879	27007	41492	0.6508965583726983
strewn_VERB	1889	33261	46884	0.7094317890964935
strewn_VERB	1899	45470	59528	0.7638422255073243
strewn_VERB	1909	37154	45425	0.8179196477710512
strewn_VERB	1919	31214	37680	0.8283970276008492
strewn_VERB	1929	29335	34784	0.843347516099356
strewn_VERB	1939	24319	28017	0.8680087089981083
strewn_VERB	1949	31727	36357	0.8726517589460077
strewn_VERB	1959	50005	58399	0.8562646620661313
strewn_VERB	1969	60281	69965	0.8615879368255557
strewn_VERB	1979	74072	80686	0.9180279106660387
strewn_VERB	1989	118335	126954	0.9321092679238149
strewn_VERB	1999	258654	296670	0.8718576195773081
strung_VERB	1769	147	158	0.930379746835443
strung_VERB	1779	231	242	0.9545454545454546
strung_VERB	1789	326	342	0.9532163742690059
strung_VERB	1799	907	926	0.9794816414686826
strung_VERB	1809	1459	1538	0.9486345903771132
strung_VERB	1819	2290	2358	0.9711620016963528
strung_VERB	1829	3241	3311	0.9788583509513742
strung_VERB	1839	4386	4480	0.9790178571428572
strung_VERB	1849	6899	7019	0.9829035475138909
strung_VERB	1859	7135	7242	0.9852250759458713
strung_VERB	1869	8540	8702	0.9813835899793151
strung_VERB	1879	12434	12652	0.9827695226051217
strung_VERB	1889	16894	17179	0.9834099772978637
strung_VERB	1899	26248	26562	0.9881786010089602
strung_VERB	1909	25830	26128	0.9885946111451317
strung_VERB	1919	24072	24402	0.9864765183181706
strung_VERB	1929	24809	25167	0.9857750228473795
strung_VERB	1939	25463	25831	0.985753551933723
strung_VERB	1949	33725	34222	0.9854771784232366
strung_VERB	1959	54952	55834	0.9842031736934485
strung_VERB	1969	71495	72723	0.983114007947967
strung_VERB	1979	86243	87489	0.985758209603493
strung_VERB	1989	135038	136943	0.9860891027653841
strung_VERB	1999	249758	252611	0.9887059550059182
strove_VERB	1769	1020	1022	0.9980430528375733
strove_VERB	1779	1294	1308	0.9892966360856269
strove_VERB	1789	2177	2196	0.9913479052823315
strove_VERB	1799	5109	5152	0.9916537267080745
strove_VERB	1809	7836	7937	0.9872747889630843
strove_VERB	1819	12127	12336	0.9830577172503242
strove_VERB	1829	17779	17939	0.9910808852221417
strove_VERB	1839	26727	27132	0.9850729765590447
strove_VERB	1849	37959	38299	0.9911224836157602
strove_VERB	1859	32570	32771	0.9938665283329773
strove_VERB	1869	37628	37848	0.9941872754174593
strove_VERB	1879	54330	54561	0.9957662066311102
strove_VERB	1889	58685	59015	0.994408201304753
strove_VERB	1899	87060	87581	0.9940512211552734
strove_VERB	1909	63942	64273	0.9948500925738646
strove_VERB	1919	58218	58630	0.9929728807777588
strove_VERB	1929	50387	50851	0.9908753023539361
strove_VERB	1939	43472	44141	0.9848440225640561
strove_VERB	1949	57177	58463	0.9780031814994099
strove_VERB	1959	92453	95527	0.967820616160876
strove_VERB	1969	104311	110467	0.9442729502928476
strove_VERB	1979	100732	111025	0.9072911506417474
strove_VERB	1989	140854	159554	0.8827983002619803
strove_VERB	1999	317430	352675	0.9000637981144113
swollen_VERB	1769	98	2195	0.04464692482915718
swollen_VERB	1779	313	3070	0.10195439739413681
swollen_VERB	1789	352	4218	0.08345187292555714
swollen_VERB	1799	1161	8820	0.13163265306122449
swollen_VERB	1809	2191	13021	0.1682666461869288
swollen_VERB	1819	5224	21097	0.24761814475991847
swollen_VERB	1829	10342	29198	0.35420234262620726
swollen_VERB	1839	17913	41329	0.43342447192044325
swollen_VERB	1849	31722	64234	0.4938506087118971
swollen_VERB	1859	33933	60292	0.56281098653221
swollen_VERB	1869	43640	70116	0.6223971704033316
swollen_VERB	1879	69737	101734	0.6854837124265241
swollen_VERB	1889	69305	104291	0.6645348112492928
swollen_VERB	1899	96716	145261	0.665808441357281
swollen_VERB	1909	89782	124746	0.7197184679268274
swollen_VERB	1919	62782	95621	0.6565712552681943
swollen_VERB	1929	56288	88421	0.6365908551136042
swollen_VERB	1939	56729	86425	0.6563957188313567
swollen_VERB	1949	80675	118956	0.6781919365143414
swollen_VERB	1959	119196	181109	0.6581450949428245
swollen_VERB	1969	142930	218814	0.6532031771276061
swollen_VERB	1979	186163	277942	0.6697908196674126
swollen_VERB	1989	280915	428480	0.6556081964152353
swollen_VERB	1999	513656	820135	0.6263066446377731
woke_VERB	1769	19	387	0.04909560723514212
woke_VERB	1779	39	422	0.0924170616113744
woke_VERB	1789	103	815	0.1263803680981595
woke_VERB	1799	302	1660	0.1819277108433735
woke_VERB	1809	514	2749	0.18697708257548198
woke_VERB	1819	1090	4526	0.24083075563411402
woke_VERB	1829	2325	6201	0.3749395258829221
woke_VERB	1839	4887	10013	0.4880655148307201
woke_VERB	1849	9346	16585	0.5635212541453121
woke_VERB	1859	12642	18824	0.6715894602634934
woke_VERB	1869	18107	25776	0.7024751707014277
woke_VERB	1879	25764	36466	0.7065211429825042
woke_VERB	1889	33509	47521	0.7051408850823846
woke_VERB	1899	51425	72351	0.7107711019889151
woke_VERB	1909	51640	69213	0.7461026107812117
woke_VERB	1919	54013	68099	0.7931540844946328
woke_VERB	1929	54298	65691	0.8265668051940144
woke_VERB	1939	52419	61304	0.8550665535690982
woke_VERB	1949	71430	81071	0.8810795475570796
woke_VERB	1959	102960	115954	0.8879383203684219
woke_VERB	1969	150016	164110	0.914118579001889
woke_VERB	1979	251818	265461	0.9486063866255307
woke_VERB	1989	456126	472979	0.9643683969055709
woke_VERB	1999	1085146	1141677	0.9504842437922459
wove_VERB	1769	171	183	0.9344262295081968
wove_VERB	1779	233	243	0.9588477366255144
wove_VERB	1789	428	459	0.9324618736383442
wove_VERB	1799	1049	1135	0.9242290748898678
wove_VERB	1809	1268	1373	0.9235251274581209
wove_VERB	1819	1756	1962	0.8950050968399592
wove_VERB	1829	2122	2309	0.9190125595495886
wove_VERB	1839	2693	2910	0.9254295532646049
wove_VERB	1849	4124	4417	0.933665383744623
wove_VERB	1859	3659	3970	0.9216624685138539
wove_VERB	1869	4731	5014	0.943558037495014
wove_VERB	1879	6881	7240	0.950414364640884
wove_VERB	1889	8605	9217	0.9336009547575133
wove_VERB	1899	13497	14328	0.942001675041876
wove_VERB	1909	13207	13886	0.9511018291804695
wove_VERB	1919	13665	14436	0.9465918536990856
wove_VERB	1929	14750	15645	0.9427932246724193
wove_VERB	1939	12860	14144	0.9092194570135747
wove_VERB	1949	16233	17938	0.9049503846582674
wove_VERB	1959	24389	27239	0.8953706083189544
wove_VERB	1969	29951	34092	0.8785345535609527
wove_VERB	1979	37960	46389	0.8182974412037336
wove_VERB	1989	67883	83349	0.8144428847376693
wove_VERB	1999	131466	168330	0.7810016039921582
bent_VERB	1769	1756	1887	0.9305776364599894
bent_VERB	1779	2012	2241	0.8978134761267291
bent_VERB	1789	3630	3861	0.9401709401709402
bent_VERB	1799	9160	9643	0.949911853157731
bent_VERB	1809	14260	14912	0.9562768240343348
bent_VERB	1819	26304	27190	0.967414490621552
bent_VERB	1829	36857	37822	0.9744857490349532
bent_VERB	1839	49343	50570	0.9757366027288906
bent_VERB	1849	75298	76878	0.9794479565025105
bent_VERB	1859	75124	76132	0.9867598381757999
bent_VERB	1869	92540	93900	0.9855165069222577
bent_VERB	1879	126036	127581	0.9878900463235121
bent_VERB	1889	159794	161223	0.9911365003752566
bent_VERB	1899	239064	241214	0.9910867528418749
bent_VERB	1909	215980	217312	0.9938705639817406
bent_VERB	1919	187610	188816	0.9936128294212355
bent_VERB	1929	165452	166467	0.9939026954291241
bent_VERB	1939	154324	155022	0.9954974132703746
bent_VERB	1949	193877	194843	0.9950421621510652
bent_VERB	1959	273667	275450	0.9935269558903612
bent_VERB	1969	343592	345460	0.9945927169571007
bent_VERB	1979	482723	484380	0.9965791320863785
bent_VERB	1989	762275	764660	0.996880966704156
bent_VERB	1999	1610277	1617998	0.9952280534339351
bit_VERB	1769	443	495	0.8949494949494949
bit_VERB	1779	738	850	0.8682352941176471
bit_VERB	1789	893	1044	0.8553639846743295
bit_VERB	1799	2074	2334	0.8886032562125107
bit_VERB	1809	2732	3074	0.8887443070917371
bit_VERB	1819	4302	4763	0.9032122611799286
bit_VERB	1829	4841	5194	0.9320369657296881
bit_VERB	1839	6015	6353	0.9467967889186211
bit_VERB	1849	8760	9130	0.9594742606790799
bit_VERB	1859	9482	9729	0.974611984787748
bit_VERB	1869	12088	12287	0.9838040205094816
bit_VERB	1879	16409	16551	0.9914204579783699
bit_VERB	1889	22037	22161	0.9944045846306575
bit_VERB	1899	35190	35296	0.9969968268359021
bit_VERB	1909	33229	33306	0.9976881042454813
bit_VERB	1919	33913	33970	0.998322048866647
bit_VERB	1929	34084	34161	0.9977459676238986
bit_VERB	1939	30887	30927	0.9987066317457238
bit_VERB	1949	41039	41148	0.9973510255662487
bit_VERB	1959	62828	63086	0.9959103446089466
bit_VERB	1969	103664	104075	0.9960509248138362
bit_VERB	1979	222957	223319	0.9983790004433121
bit_VERB	1989	393065	393436	0.9990570257932675
bit_VERB	1999	731046	731579	0.9992714389013353
blent_VERB	1769	5	1667	0.002999400119976005
blent_VERB	1779	8	2071	0.00386286817962337
blent_VERB	1789	12	3553	0.0033774275260343373
blent_VERB	1799	23	8192	0.0028076171875
blent_VERB	1809	24	11730	0.0020460358056265983
blent_VERB	1819	47	17609	0.0026690896700550856
blent_VERB	1829	120	25225	0.004757185332011893
blent_VERB	1839	270	31178	0.008659952530630573
blent_VERB	1849	517	42051	0.012294594658866615
blent_VERB	1859	473	32580	0.014518109269490485
blent_VERB	1869	596	34474	0.01728839125137785
blent_VERB	1879	1008	40961	0.024608774199848638
blent_VERB	1889	1287	43998	0.029251329605891177
blent_VERB	1899	1641	53380	0.03074185088047958
blent_VERB	1909	1135	40497	0.028026767414870236
blent_VERB	1919	935	38113	0.024532311809618765
blent_VERB	1929	649	33738	0.019236469263145414
blent_VERB	1939	388	35464	0.010940672230994812
blent_VERB	1949	479	51062	0.009380752810309036
blent_VERB	1959	737	79991	0.009213536522858822
blent_VERB	1969	745	108512	0.006865600117959304
blent_VERB	1979	566	142309	0.003977260749495815
blent_VERB	1989	806	217541	0.0037050487034627957
blent_VERB	1999	3443	422924	0.008140942580700078
built_VERB	1769	17426	17602	0.9900011362345188
built_VERB	1779	22617	22826	0.990843774642951
built_VERB	1789	42229	42519	0.9931795197441144
built_VERB	1799	93806	94637	0.9912190792184875
built_VERB	1809	158525	160418	0.9881995786009051
built_VERB	1819	200299	202644	0.9884279820769428
built_VERB	1829	272002	274827	0.9897208061798877
built_VERB	1839	315286	319559	0.9866284473289753
built_VERB	1849	440200	445185	0.9888024079876905
built_VERB	1859	379437	383846	0.9885136226507506
built_VERB	1869	523220	528506	0.98999822140146
built_VERB	1879	735618	743997	0.9887378578139427
built_VERB	1889	844146	854672	0.987684164217384
built_VERB	1899	1343710	1361945	0.9866110599179849
built_VERB	1909	1318112	1334427	0.9877737785581376
built_VERB	1919	1234715	1249110	0.9884757947658733
built_VERB	1929	1203423	1212270	0.99270212081467
built_VERB	1939	1230720	1236082	0.995662100087211
built_VERB	1949	1786632	1792279	0.9968492628658819
built_VERB	1959	2875988	2884291	0.9971213029475875
built_VERB	1969	3705359	3713480	0.9978131025345498
built_VERB	1979	4317653	4323503	0.9986469305098203
built_VERB	1989	6335857	6343095	0.998858916664499
built_VERB	1999	10942574	10973668	0.9971664898190833
glid_VERB	1769	1	78	0.01282051282051282
glid_VERB	1779	4	214	0.018691588785046728
glid_VERB	1789	1	537	0.00186219739292365
glid_VERB	1799	9	1136	0.007922535211267605
glid_VERB	1809	2	2026	0.0009871668311944718
glid_VERB	1819	20	5063	0.003950227138060439
glid_VERB	1829	26	7814	0.0033273611466598414
glid_VERB	1839	26	10683	0.0024337732846578678
glid_VERB	1849	35	18399	0.0019022772976792217
glid_VERB	1859	27	17246	0.0015655804244462483
glid_VERB	1869	22	18041	0.001219444598414722
glid_VERB	1879	40	21579	0.001853654015478011
glid_VERB	1889	52	27533	0.0018886427196455162
glid_VERB	1899	43	31732	0.001355098953737552
glid_VERB	1909	46	23641	0.001945772175457891
glid_VERB	1919	37	21231	0.0017427346804201403
glid_VERB	1929	44	16469	0.00267168619831198
glid_VERB	1939	35	12063	0.00290143413744508
glid_VERB	1949	64	16323	0.0039208478833547755
glid_VERB	1959	75	22254	0.0033701806416823942
glid_VERB	1969	121	27417	0.004413320202793887
glid_VERB	1979	95	40496	0.002345910707230344
glid_VERB	1989	168	65941	0.002547732063511321
glid_VERB	1999	296	193424	0.0015303168169410208
lit_VERB	1769	1007	2114	0.4763481551561022
lit_VERB	1779	1065	2665	0.399624765478424
lit_VERB	1789	1819	4978	0.36540779429489756
lit_VERB	1799	4303	11796	0.36478467277043064
lit_VERB	1809	6280	19750	0.3179746835443038
lit_VERB	1819	7592	32207	0.23572515291706772
lit_VERB	1829	9377	45807	0.2047067042155129
lit_VERB	1839	14606	63523	0.2299324654062308
lit_VERB	1849	24714	97902	0.2524361095789667
lit_VERB	1859	26930	95026	0.2833961231662913
lit_VERB	1869	35424	117612	0.3011937557392103
lit_VERB	1879	49770	157302	0.31639775718045543
lit_VERB	1889	63516	195339	0.3251578025893447
lit_VERB	1899	98363	284693	0.34550550944350583
lit_VERB	1909	104691	260177	0.4023837618236816
lit_VERB	1919	104399	234514	0.4451717168271404
lit_VERB	1929	111313	213194	0.5221206975806073
lit_VERB	1939	99271	187060	0.530690687479953
lit_VERB	1949	154774	257442	0.6011994934781426
lit_VERB	1959	230731	356796	0.6466748506149173
lit_VERB	1969	319159	455458	0.7007429883765353
lit_VERB	1979	492887	619197	0.7960099935884702
lit_VERB	1989	818127	967388	0.8457072033144922
lit_VERB	1999	1723698	2171453	0.7937993592308928
pled_VERB	1769	97	2876	0.03372739916550765
pled_VERB	1779	136	3903	0.034844991032539074
pled_VERB	1789	117	6572	0.01780279975654291
pled_VERB	1799	166	10162	0.01633536705372958
pled_VERB	1809	316	19189	0.016467767992078795
pled_VERB	1819	557	30045	0.01853885837909802
pled_VERB	1829	449	33381	0.013450765405470178
pled_VERB	1839	881	43197	0.020394934833437506
pled_VERB	1849	719	51258	0.014027078699910258
pled_VERB	1859	668	42949	0.015553330694544693
pled_VERB	1869	747	53497	0.013963399816812157
pled_VERB	1879	1023	68080	0.015026439482961222
pled_VERB	1889	1487	71355	0.020839464648588046
pled_VERB	1899	1585	98767	0.01604787024005994
pled_VERB	1909	1701	91194	0.01865254293045595
pled_VERB	1919	1872	79725	0.02348071495766698
pled_VERB	1929	2562	72515	0.0353306212507757
pled_VERB	1939	2539	66097	0.038413241145589055
pled_VERB	1949	2952	95719	0.030840272046302197
pled_VERB	1959	4347	159272	0.027292932844442213
pled_VERB	1969	6288	200064	0.0314299424184261
pled_VERB	1979	9613	237407	0.040491645149469055
pled_VERB	1989	21518	371350	0.057945334590009424
pled_VERB	1999	51189	756244	0.06768847091679404
sat_VERB	1769	3023	3597	0.8404225743675285
sat_VERB	1779	4472	5497	0.813534655266509
sat_VERB	1789	8954	11026	0.8120805369127517
sat_VERB	1799	31105	33737	0.9219847645018822
sat_VERB	1809	60354	60866	0.9915880787303256
sat_VERB	1819	109939	109998	0.999463626611393
sat_VERB	1829	145192	145192	1.0
sat_VERB	1839	200839	200851	0.9999402542183011
sat_VERB	1849	307913	307932	0.9999382980658067
sat_VERB	1859	306050	306089	0.9998725860779054
sat_VERB	1869	378559	378564	0.9999867921936582
sat_VERB	1879	507039	507059	0.9999605568582749
sat_VERB	1889	626636	626636	1.0
sat_VERB	1899	989783	989792	0.9999909071804985
sat_VERB	1909	879129	879139	0.9999886252344623
sat_VERB	1919	874094	874096	0.9999977119218026
sat_VERB	1929	855074	855083	0.9999894747059642
sat_VERB	1939	757079	757098	0.999974904173568
sat_VERB	1949	979347	979378	0.9999683472571367
sat_VERB	1959	1311132	1311214	0.9999374625347197
sat_VERB	1969	1693305	1693593	0.9998299473368158
sat_VERB	1979	2656399	2656664	0.9999002508409043
sat_VERB	1989	4496397	4496649	0.99994395826759
sat_VERB	1999	10677396	10677729	0.9999688135932275
slit_VERB	1769	52	52	1.0
slit_VERB	1779	61	62	0.9838709677419355
slit_VERB	1789	65	65	1.0
slit_VERB	1799	297	304	0.9769736842105263
slit_VERB	1809	534	538	0.9925650557620818
slit_VERB	1819	921	935	0.9850267379679144
slit_VERB	1829	1128	1140	0.9894736842105263
slit_VERB	1839	1632	1649	0.9896907216494846
slit_VERB	1849	2101	2128	0.987312030075188
slit_VERB	1859	2300	2319	0.9918068132815869
slit_VERB	1869	2963	2981	0.9939617577993962
slit_VERB	1879	4221	4277	0.9869067103109657
slit_VERB	1889	4750	4792	0.9912353923205343
slit_VERB	1899	6849	6916	0.9903123192596877
slit_VERB	1909	6352	6437	0.9867950908808452
slit_VERB	1919	5984	6075	0.9850205761316873
slit_VERB	1929	7688	7771	0.9893192639299961
slit_VERB	1939	7309	7413	0.9859705922028869
slit_VERB	1949	10920	11099	0.9838724209388233
slit_VERB	1959	16803	17100	0.9826315789473684
slit_VERB	1969	22448	22943	0.9784247918755176
slit_VERB	1979	31694	32978	0.9610649523925041
slit_VERB	1989	50040	52425	0.9545064377682403
slit_VERB	1999	93404	97104	0.9618965233152085
sped_VERB	1769	200	213	0.9389671361502347
sped_VERB	1779	130	141	0.9219858156028369
sped_VERB	1789	282	298	0.9463087248322147
sped_VERB	1799	1093	1166	0.9373927958833619
sped_VERB	1809	1512	1642	0.9208282582216809
sped_VERB	1819	2388	2618	0.9121466768525592
sped_VERB	1829	3848	4114	0.935342732134176
sped_VERB	1839	5874	6275	0.9360956175298805
sped_VERB	1849	9949	10496	0.9478849085365854
sped_VERB	1859	10685	11131	0.9599317222172311
sped_VERB	1869	13496	13940	0.9681492109038737
sped_VERB	1879	19955	20722	0.9629861982434128
sped_VERB	1889	26383	27619	0.9552481987037909
sped_VERB	1899	39975	42144	0.9485335990888383
sped_VERB	1909	38716	43113	0.89801220049637
sped_VERB	1919	32657	40103	0.8143281051292921
sped_VERB	1929	28223	40511	0.6966749771666955
sped_VERB	1939	25739	45161	0.5699386638914107
sped_VERB	1949	30946	57220	0.5408248864033555
sped_VERB	1959	44592	87853	0.5075751539503489
sped_VERB	1969	53294	103926	0.5128071897311549
sped_VERB	1979	79883	132522	0.6027904800712335
sped_VERB	1989	136031	197823	0.6876399609752152
sped_VERB	1999	366872	443372	0.8274586577411294
trod_VERB	1769	865	870	0.9942528735632183
trod_VERB	1779	1057	1060	0.9971698113207547
trod_VERB	1789	1548	1550	0.9987096774193548
trod_VERB	1799	3679	3688	0.9975596529284165
trod_VERB	1809	5519	5522	0.9994567185802246
trod_VERB	1819	9403	9415	0.9987254381306426
trod_VERB	1829	10827	10841	0.9987086062171386
trod_VERB	1839	15349	15377	0.9981790986538337
trod_VERB	1849	22212	22240	0.9987410071942446
trod_VERB	1859	18778	18865	0.9953882851842035
trod_VERB	1869	20232	20281	0.9975839455648143
trod_VERB	1879	26027	26057	0.9988486778984534
trod_VERB	1889	27914	27977	0.9977481502662902
trod_VERB	1899	38919	39036	0.9970027666769136
trod_VERB	1909	30407	30519	0.9963301549854189
trod_VERB	1919	27212	27366	0.9943725791127677
trod_VERB	1929	22652	22819	0.9926815373153951
trod_VERB	1939	17429	17674	0.9861378295801743
trod_VERB	1949	21605	21990	0.9824920418371987
trod_VERB	1959	31690	32367	0.9790836345660704
trod_VERB	1969	36243	37456	0.9676153353267835
trod_VERB	1979	36150	38321	0.9433469899010987
trod_VERB	1989	50704	54581	0.9289679558820835
trod_VERB	1999	137669	147195	0.9352831278236353
bet_VERB	1879	38	67	0.5671641791044776
bet_VERB	1889	51	89	0.5730337078651685
bet_VERB	1899	113	155	0.7290322580645161
bet_VERB	1909	97	111	0.8738738738738738
bet_VERB	1919	130	158	0.8227848101265823
bet_VERB	1929	172	187	0.9197860962566845
bet_VERB	1939	188	200	0.94
bet_VERB	1949	271	295	0.9186440677966101
bet_VERB	1959	373	391	0.9539641943734015
bet_VERB	1969	577	593	0.9730185497470489
bet_VERB	1979	871	885	0.984180790960452
bet_VERB	1989	1714	1733	0.9890363531448355
bet_VERB	1999	3674	3760	0.9771276595744681
fit_VERB	1799	0	64	0.0
fit_VERB	1809	1	119	0.008403361344537815
fit_VERB	1819	0	143	0.0
fit_VERB	1829	0	169	0.0
fit_VERB	1839	3	216	0.013888888888888888
fit_VERB	1849	12	501	0.023952095808383235
fit_VERB	1859	14	410	0.03414634146341464
fit_VERB	1869	6	423	0.014184397163120567
fit_VERB	1879	13	633	0.020537124802527645
fit_VERB	1889	16	870	0.01839080459770115
fit_VERB	1899	19	987	0.019250253292806486
fit_VERB	1909	19	859	0.02211874272409779
fit_VERB	1919	42	875	0.048
fit_VERB	1929	58	844	0.06872037914691943
fit_VERB	1939	51	789	0.06463878326996197
fit_VERB	1949	97	1097	0.08842297174111212
fit_VERB	1959	162	1597	0.10144020037570445
fit_VERB	1969	254	1897	0.13389562467053243
fit_VERB	1979	519	2429	0.21366817620419926
fit_VERB	1989	1332	3937	0.33832867665735333
fit_VERB	1999	2597	7250	0.35820689655172416
pat_VERB	1849	6	90	0.06666666666666667
pat_VERB	1859	8	118	0.06779661016949153
pat_VERB	1869	9	203	0.04433497536945813
pat_VERB	1879	16	268	0.05970149253731343
pat_VERB	1889	18	405	0.044444444444444446
pat_VERB	1899	16	1123	0.014247551202137132
pat_VERB	1909	26	1515	0.017161716171617162
pat_VERB	1919	17	1784	0.00952914798206278
pat_VERB	1929	15	2154	0.006963788300835654
pat_VERB	1939	10	2465	0.004056795131845842
pat_VERB	1949	5	3164	0.0015802781289506952
pat_VERB	1959	28	3521	0.007952286282306162
pat_VERB	1969	47	5571	0.008436546401005206
pat_VERB	1979	54	14218	0.003798002532001688
pat_VERB	1989	74	26034	0.0028424368133978645
pat_VERB	1999	240	55270	0.004342319522344852
quit_VERB	1779	0	79	0.0
quit_VERB	1789	0	345	0.0
quit_VERB	1799	4	363	0.011019283746556474
quit_VERB	1809	1	550	0.0018181818181818182
quit_VERB	1819	7	756	0.009259259259259259
quit_VERB	1829	7	822	0.00851581508515815
quit_VERB	1839	14	1014	0.013806706114398421
quit_VERB	1849	46	1434	0.03207810320781032
quit_VERB	1859	17	1094	0.015539305301645339
quit_VERB	1869	45	1192	0.037751677852348994
quit_VERB	1879	79	1121	0.0704727921498662
quit_VERB	1889	87	1073	0.08108108108108109
quit_VERB	1899	179	1341	0.13348247576435496
quit_VERB	1909	310	1014	0.3057199211045365
quit_VERB	1919	378	794	0.4760705289672544
quit_VERB	1929	531	850	0.6247058823529412
quit_VERB	1939	745	862	0.8642691415313225
quit_VERB	1949	1003	1224	0.8194444444444444
quit_VERB	1959	1701	2040	0.8338235294117647
quit_VERB	1969	2611	3004	0.8691744340878829
quit_VERB	1979	3685	3861	0.9544159544159544
quit_VERB	1989	7268	7517	0.9668750831448716
quit_VERB	1999	12991	15212	0.8539968445963713
thrust_VERB	1819	101	101	1.0
thrust_VERB	1829	189	190	0.9947368421052631
thrust_VERB	1839	179	185	0.9675675675675676
thrust_VERB	1849	295	295	1.0
thrust_VERB	1859	382	382	1.0
thrust_VERB	1869	422	422	1.0
thrust_VERB	1879	801	802	0.9987531172069826
thrust_VERB	1889	1369	1369	1.0
thrust_VERB	1899	2694	2697	0.9988876529477196
thrust_VERB	1909	3275	3277	0.9993896856881294
thrust_VERB	1919	3417	3418	0.9997074312463429
thrust_VERB	1929	3089	3089	1.0
thrust_VERB	1939	2721	2723	0.9992655159750276
thrust_VERB	1949	3340	3340	1.0
thrust_VERB	1959	3811	3811	1.0
thrust_VERB	1969	4756	4760	0.9991596638655462
thrust_VERB	1979	9167	9175	0.9991280653950954
thrust_VERB	1989	16190	16208	0.9988894373149062
thrust_VERB	1999	34625	34710	0.9975511380005762
wed_VERB	1829	3	204	0.014705882352941176
wed_VERB	1849	3	74	0.04054054054054054
wed_VERB	1859	7	66	0.10606060606060606
wed_VERB	1869	7	80	0.0875
wed_VERB	1879	1	105	0.009523809523809525
wed_VERB	1889	22	173	0.12716763005780346
wed_VERB	1899	11	431	0.025522041763341066
wed_VERB	1909	16	622	0.02572347266881029
wed_VERB	1919	33	487	0.06776180698151951
wed_VERB	1929	10	69	0.14492753623188406
wed_VERB	1939	15	145	0.10344827586206896
wed_VERB	1949	23	115	0.2
wed_VERB	1959	36	100	0.36
wed_VERB	1969	146	249	0.5863453815261044
wed_VERB	1979	324	414	0.782608695652174
wed_VERB	1989	326	425	0.7670588235294118
wed_VERB	1999	475	817	0.5813953488372093