awaked_VERB	1769	1316	6108	0.2154551407989522	750	3379	0.2219591595146493
awaked_VERB	1793	4534	32138	0.14107909639678884	2699	14980	0.180173564753004
awaked_VERB	1817	8326	106363	0.07827910081513308	5429	44632	0.12163918264922029
awaked_VERB	1841	9203	198270	0.04641650274877692	6225	76486	0.08138744345370394
awaked_VERB	1865	8713	224887	0.038743902493252165	6009	96867	0.06203350986404039
awaked_VERB	1889	12718	362570	0.03507736437101801	8783	161246	0.05446956823735163
awaked_VERB	1913	6814	279343	0.024392950601948144	4770	134569	0.03544649956527878
awaked_VERB	1937	4452	233113	0.019098034000677784	3014	116563	0.025857261738287448
awaked_VERB	1961	7437	496962	0.014964926895818997	5103	257899	0.01978681576896382
awaked_VERB	1985	19644	1538232	0.012770505359399623	13350	715763	0.01865142512256152
blowed_VERB	1769	138	9188	0.015019590770570308	98	3778	0.02593965060878772
blowed_VERB	1793	292	35754	0.00816691838675393	239	14722	0.016234207308789567
blowed_VERB	1817	728	96038	0.0075803327849392945	558	40030	0.013939545340994255
blowed_VERB	1841	1611	171423	0.009397805428676432	1224	66717	0.01834614865776339
blowed_VERB	1865	2693	232021	0.011606708013498779	1992	95716	0.02081156755401396
blowed_VERB	1889	6104	462214	0.013206004145266046	4370	183811	0.02377442046449886
blowed_VERB	1913	5673	479116	0.011840556357959242	3954	182494	0.021666465746819075
blowed_VERB	1937	4643	542372	0.008560545160885887	3110	195472	0.01591020708848326
blowed_VERB	1961	8338	1043625	0.007989459815546772	5403	429218	0.012588008890587067
blowed_VERB	1985	21579	3157963	0.006833202288943854	14705	1212034	0.012132497933226296
burned_VERB	1769	7857	21618	0.36344712739383844	1927	5323	0.36201390193499905
burned_VERB	1793	30042	86493	0.3473344663730013	8266	20255	0.40809676623056035
burned_VERB	1817	86029	218164	0.3943317870959462	24608	54465	0.45181309097585604
burned_VERB	1841	213452	401287	0.5319185520587509	47431	91951	0.5158290828810997
burned_VERB	1865	341563	559792	0.6101605596364363	70144	128232	0.5470085470085471
burned_VERB	1889	681736	968171	0.7041483374321271	140748	227628	0.6183246349306764
burned_VERB	1913	624258	826359	0.7554319611694191	137897	209178	0.6592328065092887
burned_VERB	1937	641299	813095	0.7887134959629564	144523	207742	0.6956850323959527
burned_VERB	1961	1281604	1660009	0.7720464166158135	336710	483428	0.6965049604077547
burned_VERB	1985	3622482	4385481	0.8260170321111869	922140	1243709	0.7414435370331806
catched_VERB	1769	1261	13540	0.0931314623338257	776	4349	0.17843182340767993
catched_VERB	1793	2449	61339	0.03992565904237109	1483	15129	0.09802366316346091
catched_VERB	1817	3475	178786	0.01943664492745517	2372	38708	0.06127932210395784
catched_VERB	1841	3230	351820	0.009180831106815985	2238	64089	0.0349201891120161
catched_VERB	1865	2972	609778	0.004873904929334938	2155	96961	0.022225430843328762
catched_VERB	1889	5591	1258075	0.004444091171035113	3601	182727	0.01970699458755411
catched_VERB	1913	3537	1290561	0.0027406685929607356	2199	185051	0.011883210574382198
catched_VERB	1937	2488	1444688	0.0017221711539100483	1695	204004	0.008308660614497755
catched_VERB	1961	5975	3414124	0.0017500828909553373	3684	561045	0.0065663182097692695
catched_VERB	1985	12948	11394827	0.0011363050970409642	8192	1509940	0.005425381140972489
cleaved_VERB	1769	113	294	0.3843537414965986	100	257	0.38910505836575876
cleaved_VERB	1793	558	1351	0.41302738712065135	449	1043	0.4304889741131352
cleaved_VERB	1817	1546	3927	0.3936847466259231	1184	3011	0.3932248422451013
cleaved_VERB	1841	2478	7042	0.3518886679920477	2047	5835	0.3508140531276778
cleaved_VERB	1865	2651	8352	0.3174090038314176	2115	6903	0.30638852672750977
cleaved_VERB	1889	3664	12403	0.2954124002257518	2822	10070	0.28023833167825224
cleaved_VERB	1913	3068	9124	0.33625602805786936	2436	7571	0.32175406155065384
cleaved_VERB	1937	6707	10665	0.6288795124238162	3758	7180	0.5233983286908078
cleaved_VERB	1961	53317	60757	0.8775449742416511	18302	24526	0.7462284922123461
cleaved_VERB	1985	172324	192549	0.8949618019309371	57664	73361	0.7860307247720179
climbed_VERB	1769	1028	1036	0.9922779922779923	655	661	0.9909228441754917
climbed_VERB	1793	4445	4505	0.9866814650388457	2783	2830	0.9833922261484099
climbed_VERB	1817	14993	15288	0.9807038199895343	8715	8934	0.9754869039623909
climbed_VERB	1841	39758	40721	0.9763512683873186	19113	19894	0.9607419322408767
climbed_VERB	1865	86037	87358	0.9848783168112824	35690	36755	0.9710243504285131
climbed_VERB	1889	231627	233816	0.9906379375235228	80157	81809	0.979806622743219
climbed_VERB	1913	296026	297392	0.9954067358906763	85035	86026	0.9884802269081441
climbed_VERB	1937	400738	401900	0.9971087335158	96244	96982	0.9923903404755522
climbed_VERB	1961	804275	805785	0.9981260509937514	229508	230501	0.9956919926594678
climbed_VERB	1985	2838025	2841655	0.9987225754006028	677275	679508	0.9967137988073724
creeped_VERB	1769	157	2981	0.05266689030526669	95	1833	0.05182760501909438
creeped_VERB	1793	205	11347	0.01806644928174848	143	6832	0.020930913348946135
creeped_VERB	1817	342	35900	0.009526462395543176	236	19523	0.01208830610049685
creeped_VERB	1841	287	71848	0.003994544037412315	230	33364	0.006893657834791992
creeped_VERB	1865	157	114636	0.0013695523221326634	125	49212	0.002540030886775583
creeped_VERB	1889	191	218438	0.0008743899870901584	175	86540	0.002022186272244049
creeped_VERB	1913	199	212097	0.0009382499516730553	168	81702	0.002056253212895645
creeped_VERB	1937	166	174174	0.00095306991858716	152	76315	0.0019917447421869882
creeped_VERB	1961	840	307687	0.0027300470933123598	766	154231	0.004966576109861182
creeped_VERB	1985	8260	1025914	0.008051357131299505	7069	434616	0.016264932722219155
dared_VERB	1769	7050	14129	0.49897374194918254	2701	4811	0.561421741841613
dared_VERB	1793	32834	59303	0.5536650759658027	10410	17662	0.589400973842147
dared_VERB	1817	97209	146329	0.6643180777562889	28453	42772	0.6652249134948097
dared_VERB	1841	184220	231754	0.7948945865012038	47649	62963	0.7567777901307117
dared_VERB	1865	246130	283037	0.869603620728032	66684	80747	0.8258387308506817
dared_VERB	1889	431301	483518	0.8920060887081763	118602	137305	0.8637850041877572
dared_VERB	1913	367025	392402	0.9353290757947207	110658	121011	0.9144457941839998
dared_VERB	1937	342693	360079	0.951716151177936	109338	116771	0.9363454967414855
dared_VERB	1961	630881	665559	0.9478964299183092	237141	252519	0.939101612155917
dared_VERB	1985	1555878	1625210	0.9573396668738193	574134	602691	0.952617510465562
delved_VERB	1793	175	180	0.9722222222222222	129	134	0.9626865671641791
delved_VERB	1817	436	437	0.9977116704805492	386	387	0.9974160206718347
delved_VERB	1841	1261	1267	0.9952644041041832	1120	1125	0.9955555555555555
delved_VERB	1865	2317	2331	0.993993993993994	2092	2102	0.9952426260704091
delved_VERB	1889	6070	6078	0.9986837775584074	5594	5602	0.9985719385933595
delved_VERB	1913	8922	8941	0.9978749580583828	7985	8000	0.998125
delved_VERB	1937	11695	11710	0.9987190435525192	10187	10200	0.9987254901960785
delved_VERB	1961	27998	28070	0.9974349839686498	24372	24427	0.9977483931714906
delved_VERB	1985	87428	87487	0.9993256140912364	73128	73184	0.9992348054219502
dived_VERB	1769	250	274	0.9124087591240876	216	238	0.907563025210084
dived_VERB	1793	1015	1171	0.8667805294619982	828	972	0.8518518518518519
dived_VERB	1817	3435	3811	0.9013382314353188	2627	2955	0.8890016920473773
dived_VERB	1841	7934	8821	0.899444507425462	5837	6553	0.8907370669922173
dived_VERB	1865	12399	13570	0.9137067059690493	8221	9262	0.8876052688404232
dived_VERB	1889	26423	29564	0.8937559193613854	16882	19446	0.8681476910418595
dived_VERB	1913	40120	45174	0.8881214858104219	20315	23864	0.8512822661749916
dived_VERB	1937	54595	62804	0.8692917648557417	24005	29258	0.8204593615421423
dived_VERB	1961	96073	119548	0.8036353598554555	45488	60735	0.7489585905985017
dived_VERB	1985	257815	403355	0.6391764078789156	131676	220187	0.5980189566141507
drawed_VERB	1769	27	98833	0.0002731881051875386	13	11506	0.0011298452981053364
drawed_VERB	1793	21	373609	5.6208496048007406e-05	19	37977	0.0005003028148616267
drawed_VERB	1817	136	993349	0.00013691059234971798	103	95508	0.0010784436905808938
drawed_VERB	1841	411	1702972	0.00024134278191303204	270	153313	0.001761103102802763
drawed_VERB	1865	1063	2292220	0.00046374257270244564	747	225363	0.0033146523608578162
drawed_VERB	1889	2998	4068038	0.0007369646006256578	1857	417392	0.004449055084908192
drawed_VERB	1913	2761	3652982	0.0007558208608747593	1499	433403	0.003458674720756432
drawed_VERB	1937	2074	3901384	0.0005316062197415071	1106	482940	0.0022901395618503332
drawed_VERB	1961	3521	8708425	0.0004043211028400658	2127	1293082	0.0016449072835288095
drawed_VERB	1985	9588	19435955	0.0004933125231047304	5889	3038023	0.0019384316708596348
dreamed_VERB	1769	1404	2083	0.6740278444551128	858	1385	0.6194945848375452
dreamed_VERB	1793	5865	9028	0.6496455471865308	3443	5688	0.605309423347398
dreamed_VERB	1817	24316	35993	0.6755758064068014	12993	20469	0.6347647662318628
dreamed_VERB	1841	68454	91551	0.7477143887013795	29404	42713	0.6884086811977618
dreamed_VERB	1865	114207	151428	0.7542000158491164	46442	67628	0.6867273910214704
dreamed_VERB	1889	259274	314045	0.8255950580330844	97622	128315	0.7607995947473015
dreamed_VERB	1913	268184	318355	0.8424054907257621	98786	126485	0.7810096058821204
dreamed_VERB	1937	264134	313423	0.8427396840691334	97776	123622	0.7909271812460565
dreamed_VERB	1961	527575	641792	0.8220342416234543	217731	281970	0.7721778912650282
dreamed_VERB	1985	1548588	1863015	0.8312268017165724	616367	791862	0.7783767878746549
dwelled_VERB	1769	372	6706	0.055472711005070084	183	2897	0.06316879530548844
dwelled_VERB	1793	966	31174	0.03098736126259062	590	11333	0.052060354716315184
dwelled_VERB	1817	1589	101192	0.015702822357498616	991	32145	0.03082905584072173
dwelled_VERB	1841	1794	197043	0.009104611683744157	1236	54793	0.022557625974120782
dwelled_VERB	1865	2573	247231	0.010407270932852273	1374	73279	0.018750255871395626
dwelled_VERB	1889	4702	364692	0.012893071413686069	2562	120967	0.02117932989989005
dwelled_VERB	1913	4306	227649	0.01891508418662063	2566	92731	0.02767143673636648
dwelled_VERB	1937	5601	157901	0.03547159296014592	3957	70678	0.055986304083307396
dwelled_VERB	1961	24602	292540	0.0840979011417242	17724	146757	0.12077107054518695
dwelled_VERB	1985	91794	626457	0.14652881203338777	64423	309050	0.20845494256592784
freezed_VERB	1769	9	3145	0.002861685214626391	9	1463	0.006151742993848257
freezed_VERB	1793	32	12729	0.002513944536098672	26	5669	0.0045863467983771385
freezed_VERB	1817	54	37465	0.0014413452555718672	37	15214	0.0024319705534376233
freezed_VERB	1841	79	67537	0.0011697291854835127	64	28702	0.002229809769354052
freezed_VERB	1865	81	96213	0.0008418820741479842	62	41498	0.001494047905923177
freezed_VERB	1889	139	180356	0.0007706979529375236	121	82002	0.0014755737664935002
freezed_VERB	1913	101	186887	0.0005404335240011344	96	85598	0.0011215215308768896
freezed_VERB	1937	168	285971	0.0005874721562675936	133	116366	0.0011429455339188423
freezed_VERB	1961	725	785159	0.0009233798504506731	623	313644	0.0019863284488145796
freezed_VERB	1985	1426	2489734	0.0005727519486017382	1257	984596	0.0012766657593571372
gnawed_VERB	1769	190	203	0.9359605911330049	170	183	0.9289617486338798
gnawed_VERB	1793	1006	1066	0.9437148217636022	806	862	0.9350348027842227
gnawed_VERB	1817	3299	3418	0.965184318314804	2646	2761	0.9583484244838827
gnawed_VERB	1841	7209	7339	0.9822864150429214	5353	5478	0.9771814530850675
gnawed_VERB	1865	12268	12400	0.9893548387096774	8552	8674	0.9859349780954577
gnawed_VERB	1889	21087	21360	0.9872191011235955	15758	16005	0.9845673227116526
gnawed_VERB	1913	19338	19646	0.9843225083986562	14358	14505	0.9898655635987591
gnawed_VERB	1937	19444	19599	0.9920914332363896	14727	14859	0.991116495053503
gnawed_VERB	1961	39165	39515	0.9911426040744021	29970	30225	0.9915632754342432
gnawed_VERB	1985	124389	125002	0.9950960784627446	92653	93141	0.9947606317303873
growed_VERB	1769	33	37406	0.0008822114099342351	19	8816	0.0021551724137931034
growed_VERB	1793	77	129728	0.0005935495806610755	50	29364	0.0017027652908323118
growed_VERB	1817	186	338677	0.0005491958414654671	89	75284	0.0011821901067956006
growed_VERB	1841	587	715077	0.000820890617374073	413	129554	0.003187859888540686
growed_VERB	1865	1535	1304923	0.001176314617797372	1241	200896	0.0061773255813953485
growed_VERB	1889	4505	2668428	0.0016882599043331879	3354	386784	0.00867150657731447
growed_VERB	1913	4521	2847589	0.0015876588931899934	3167	408054	0.00776122768065011
growed_VERB	1937	4855	3203116	0.0015157115758530132	3326	454035	0.007325426453907738
growed_VERB	1961	8185	7136815	0.0011468701374492683	5359	1207964	0.004436390488458265
growed_VERB	1985	20035	18154360	0.0011035916441009212	13208	3052767	0.004326566685239981
hanged_VERB	1769	6932	19291	0.35933855165621276	2119	5863	0.3614190687361419
hanged_VERB	1793	25609	78259	0.3272339283660665	7536	21093	0.35727492533067845
hanged_VERB	1817	60985	217873	0.27991077370761863	19000	54697	0.3473682286048595
hanged_VERB	1841	101610	413217	0.24589985407183151	27352	87624	0.31215192184789553
hanged_VERB	1865	130959	572631	0.22869701430764314	35552	122676	0.28980403664938537
hanged_VERB	1889	218587	1026471	0.2129500005358164	68055	227544	0.2990850121295222
hanged_VERB	1913	155546	888489	0.1750680087204231	55475	205067	0.2705213418053612
hanged_VERB	1937	149896	887552	0.1688870060571099	53332	201465	0.2647209192663738
hanged_VERB	1961	318545	1779157	0.17904265896714006	119970	463101	0.25905795927886144
hanged_VERB	1985	685159	5662982	0.12098908313676435	262147	1208128	0.21698611405413995
heaved_VERB	1769	479	845	0.5668639053254438	304	517	0.5880077369439072
heaved_VERB	1793	2683	4778	0.5615320217664295	1830	2878	0.635858234885337
heaved_VERB	1817	9086	17341	0.5239605559079638	5758	9300	0.6191397849462366
heaved_VERB	1841	17133	31364	0.5462632317306466	11013	17393	0.6331857643879721
heaved_VERB	1865	21147	35165	0.6013649936015925	14277	21034	0.678758201007892
heaved_VERB	1889	42522	65444	0.649746348022737	26111	37276	0.7004775190471081
heaved_VERB	1913	40999	62313	0.6579525941617319	24338	34785	0.6996693977289061
heaved_VERB	1937	47401	69759	0.6794965524161757	26662	38010	0.7014469876348329
heaved_VERB	1961	98241	133157	0.73778321830621	55843	74757	0.7469935925732707
heaved_VERB	1985	378636	458037	0.8266493754871331	190619	231272	0.8242199661005223
helped_VERB	1769	3601	3682	0.9780010863661054	1787	1852	0.964902807775378
helped_VERB	1793	12722	13300	0.9565413533834587	6151	6518	0.9436943847806075
helped_VERB	1817	41787	43658	0.9571441660176829	18625	19599	0.9503035869176999
helped_VERB	1841	110542	112749	0.9804255470115034	40536	41862	0.9683244947685251
helped_VERB	1865	270292	272500	0.9918972477064221	76938	78411	0.9812143704327199
helped_VERB	1889	673281	676457	0.9953049491689789	161851	164106	0.9862588814546696
helped_VERB	1913	892501	894367	0.9979136081720368	184217	185489	0.9931424504957167
helped_VERB	1937	1452929	1454926	0.9986274216008237	227777	229205	0.9937697694203879
helped_VERB	1961	4270829	4274087	0.9992377319413479	659340	661742	0.9963701865681791
helped_VERB	1985	12797015	12802837	0.999545257039514	1726802	1730847	0.9976629938983631
hewed_VERB	1769	1908	4360	0.43761467889908257	1175	2666	0.440735183795949
hewed_VERB	1793	2871	9168	0.3131544502617801	1956	5347	0.36581260519917713
hewed_VERB	1817	3986	17570	0.22686397268070574	3225	10492	0.3073770491803279
hewed_VERB	1841	7519	31373	0.23966467982022757	5804	18455	0.31449471687889463
hewed_VERB	1865	9903	40601	0.2439102485160464	7495	23944	0.31302205145339124
hewed_VERB	1889	17418	58808	0.29618419262685347	12806	38188	0.33534094479941345
hewed_VERB	1913	12573	39667	0.31696372299392445	9464	28228	0.3352699447357234
hewed_VERB	1937	11016	34962	0.31508494937360565	8831	25695	0.34368554193422846
hewed_VERB	1961	19201	64007	0.2999828143796772	15176	44569	0.3405057326841527
hewed_VERB	1985	38301	127688	0.2999577094167032	29824	90796	0.32847261993920435
kneeled_VERB	1769	908	1272	0.7138364779874213	529	779	0.6790757381258024
kneeled_VERB	1793	3567	6701	0.5323086106551261	2031	3892	0.5218396711202467
kneeled_VERB	1817	10336	30591	0.337877153411134	5568	14951	0.3724165607651662
kneeled_VERB	1841	14938	72738	0.20536720833677033	7932	30513	0.25995477337528267
kneeled_VERB	1865	14090	99215	0.14201481630801793	7980	41011	0.19458194143034796
kneeled_VERB	1889	20109	160660	0.12516494460351052	11758	66877	0.17581530271991866
kneeled_VERB	1913	12282	119589	0.10270175350575722	7349	52099	0.14105836964241156
kneeled_VERB	1937	9514	109850	0.08660901228948566	6211	46262	0.13425705762829104
kneeled_VERB	1961	21185	215083	0.0984968593519711	13808	96490	0.1431029122188828
kneeled_VERB	1985	94030	969230	0.09701515636123521	56846	360678	0.1576087257886536
knowed_VERB	1769	26	239909	0.00010837442530292736	5	13472	0.0003711401425178147
knowed_VERB	1793	66	990645	6.66232606029405e-05	47	42336	0.0011101662887377172
knowed_VERB	1817	550	2695455	0.0002040471831286369	250	105021	0.002380476285695242
knowed_VERB	1841	3099	4751071	0.0006522739820137396	1251	170324	0.007344825156760057
knowed_VERB	1865	8374	7070522	0.0011843538567590907	3448	254667	0.013539249294176317
knowed_VERB	1889	23700	13017562	0.0018206174090048505	7571	474460	0.01595708805800278
knowed_VERB	1913	22271	12863247	0.0017313668936000373	5908	509717	0.011590745452868945
knowed_VERB	1937	18400	15018624	0.0012251455259816078	4574	570711	0.008014564289106045
knowed_VERB	1961	33221	34224764	0.0009706714120804456	8799	1546701	0.005688882337310185
knowed_VERB	1985	99139	92587231	0.0010707632027574083	28541	3810152	0.00749077727082804
leaned_VERB	1769	1117	1230	0.908130081300813	751	840	0.8940476190476191
leaned_VERB	1793	5320	6097	0.8725602755453502	3311	3914	0.8459376596831886
leaned_VERB	1817	18410	22618	0.813953488372093	10434	13092	0.7969752520623281
leaned_VERB	1841	45606	56618	0.8055035501077396	21138	27382	0.7719669856109853
leaned_VERB	1865	76207	96285	0.7914732305135794	30967	41707	0.7424892703862661
leaned_VERB	1889	224431	255137	0.8796489729047531	63210	77279	0.8179453667878726
leaned_VERB	1913	245594	278250	0.882637915543576	61613	74721	0.8245740822526465
leaned_VERB	1937	296338	322522	0.9188148405380098	70174	81219	0.8640096529137271
leaned_VERB	1961	636929	682824	0.9327864867081415	158679	180460	0.8793028926077802
leaned_VERB	1985	3826973	3975188	0.9627149709648952	513604	569773	0.9014186351406612
leaped_VERB	1769	1795	2201	0.8155383916401635	1054	1324	0.7960725075528701
leaped_VERB	1793	8083	9626	0.8397049657178475	4212	5239	0.8039702233250621
leaped_VERB	1817	23155	27358	0.846370348709701	12219	15167	0.8056306454803192
leaped_VERB	1841	49263	58614	0.8404647353874501	22163	28149	0.7873459092685353
leaped_VERB	1865	70646	87730	0.8052661575287815	30316	40368	0.7509908838684106
leaped_VERB	1889	167206	209408	0.7984699724938875	59073	79503	0.7430285649598128
leaped_VERB	1913	160763	220111	0.7303724030148425	52333	77619	0.6742292479934037
leaped_VERB	1937	143369	202761	0.7070837093918456	50474	76152	0.6628059670133417
leaped_VERB	1961	269172	389094	0.6917917007201345	106264	164320	0.6466893865628043
leaped_VERB	1985	864056	1403692	0.6155595387022225	293072	506571	0.5785408165883953
learned_VERB	1769	32821	38311	0.8566991203570776	5351	7404	0.7227174500270124
learned_VERB	1793	128806	158651	0.8118826858954561	17601	26488	0.6644895801872546
learned_VERB	1817	360656	435947	0.8272932260114189	45875	67723	0.6773917280687507
learned_VERB	1841	645412	771208	0.8368844721527785	74585	106853	0.6980150299944784
learned_VERB	1865	868152	1065887	0.8144878397053347	107221	155103	0.6912890143968846
learned_VERB	1889	1680681	1979107	0.8492117909744142	204452	273974	0.7462459941454298
learned_VERB	1913	1736599	2020609	0.8594433658367353	212183	276582	0.7671612758603236
learned_VERB	1937	2247452	2523332	0.8906683702342776	235832	298419	0.7902713969284798
learned_VERB	1961	5468542	6091713	0.8977018451131891	641171	803877	0.7975983888082381
learned_VERB	1985	15664156	16912887	0.9261668927368817	1692140	2039845	0.829543421191316
pitched_VERB	1769	4234	4255	0.9950646298472385	1865	1881	0.9914938862307283
pitched_VERB	1793	14270	14364	0.9934558618769145	5818	5897	0.9866033576394777
pitched_VERB	1817	38338	38476	0.9964133485809336	15334	15445	0.9928132081579799
pitched_VERB	1841	70966	71102	0.9980872549295379	25780	25904	0.9952130945027795
pitched_VERB	1865	86682	86861	0.9979392362510218	34329	34453	0.9964008939714974
pitched_VERB	1889	137236	137680	0.9967751307379431	59783	60089	0.9949075537952038
pitched_VERB	1913	104899	105185	0.997280981128488	50407	50615	0.9958905462807468
pitched_VERB	1937	106561	106773	0.9980144793159319	52536	52691	0.9970583211554155
pitched_VERB	1961	221797	222157	0.9983795243904086	114946	115240	0.9974488024991323
pitched_VERB	1985	717339	717954	0.9991433991592776	338567	339024	0.9986520128368493
quaked_VERB	1769	83	87	0.9540229885057471	78	82	0.9512195121951219
quaked_VERB	1793	393	415	0.946987951807229	340	359	0.947075208913649
quaked_VERB	1817	1329	1336	0.9947604790419161	1170	1177	0.994052676295667
quaked_VERB	1841	2562	2572	0.9961119751166407	2273	2283	0.9956197985107315
quaked_VERB	1865	3779	3782	0.9992067689053411	3230	3233	0.9990720692854933
quaked_VERB	1889	6941	6954	0.9981305723324705	5668	5679	0.9980630392674766
quaked_VERB	1913	5214	5231	0.9967501433760275	4425	4441	0.996397207836073
quaked_VERB	1937	4517	4529	0.9973504084786928	3819	3831	0.9968676585747847
quaked_VERB	1961	9159	9218	0.9935994792796702	7664	7704	0.9948078920041536
quaked_VERB	1985	34305	34372	0.9980507389735831	27400	27461	0.997778667929063
shaked_VERB	1769	23	8889	0.0025874676566542917	22	4464	0.00492831541218638
shaked_VERB	1793	238	42114	0.005651327349574963	200	19253	0.010387991481846985
shaked_VERB	1817	812	139984	0.005800662932906618	413	54135	0.007629075459499399
shaked_VERB	1841	585	276453	0.0021160920662825146	480	90366	0.00531173228869265
shaked_VERB	1865	518	412697	0.001255158142656719	437	127748	0.003420797194476626
shaked_VERB	1889	823	835584	0.0009849398743872549	714	220432	0.003239094142411265
shaked_VERB	1913	602	856288	0.0007030344930677529	467	207190	0.002253969786186592
shaked_VERB	1937	747	913939	0.0008173412011086079	490	217000	0.0022580645161290325
shaked_VERB	1961	1873	1854768	0.001009829800816059	1405	496189	0.002831582320446443
shaked_VERB	1985	3345	8179389	0.0004089547519992019	2576	1300279	0.0019811132841490173
sheared_VERB	1769	37	457	0.08096280087527352	29	273	0.10622710622710622
sheared_VERB	1793	288	2846	0.10119465917076599	217	1857	0.11685514270328487
sheared_VERB	1817	683	8647	0.07898693188389036	562	6393	0.0879086500860316
sheared_VERB	1841	1936	20007	0.09676613185385115	1349	14583	0.09250497154220667
sheared_VERB	1865	3710	28065	0.13219312310707287	2298	20329	0.11304048403758178
sheared_VERB	1889	10061	50596	0.1988497114396395	5726	35951	0.15927234291118467
sheared_VERB	1913	13013	48408	0.26881920343744836	7183	33369	0.21525967215079864
sheared_VERB	1937	18837	51933	0.36271734735139505	10502	34354	0.30569948186528495
sheared_VERB	1961	39311	102024	0.385311299302125	22565	69990	0.32240320045720816
sheared_VERB	1985	83186	200717	0.414444217480333	52290	144584	0.36165827477452556
shined_VERB	1769	356	4100	0.08682926829268292	222	2149	0.10330386226151698
shined_VERB	1793	1787	20575	0.08685297691373026	1176	9740	0.12073921971252567
shined_VERB	1817	5537	66000	0.0838939393939394	3149	27908	0.11283502938225598
shined_VERB	1841	5791	126014	0.04595521132572571	3917	46560	0.08412800687285224
shined_VERB	1865	4973	170733	0.02912735089291467	3733	61501	0.06069820002926782
shined_VERB	1889	5838	295115	0.01978211883503041	4520	100124	0.045144021413447324
shined_VERB	1913	5970	234427	0.025466349865843098	4713	83598	0.056376946816909496
shined_VERB	1937	9344	208370	0.044843307577866295	7348	78405	0.0937185128499458
shined_VERB	1961	21537	357945	0.06016846163516741	16793	156390	0.10737898842636998
shined_VERB	1985	114457	1166746	0.0980993292456113	77640	478880	0.16212829936518544
slayed_VERB	1769	13	9967	0.0013043042038727803	13	2134	0.006091846298031865
slayed_VERB	1793	21	53803	0.00039031280783599425	21	9042	0.00232249502322495
slayed_VERB	1817	42	131990	0.0003182059246912645	42	24057	0.0017458535977054495
slayed_VERB	1841	86	202500	0.00042469135802469137	68	38056	0.0017868404456590288
slayed_VERB	1865	118	224474	0.0005256733519249445	98	47403	0.002067379701706643
slayed_VERB	1889	211	304047	0.0006939716556979678	175	73805	0.0023711130682203103
slayed_VERB	1913	183	181312	0.0010093099188139781	156	53787	0.002900329075798985
slayed_VERB	1937	305	130679	0.0023339633759058456	221	42500	0.0052
slayed_VERB	1961	1042	254744	0.0040903809314449015	920	90494	0.01016641987314076
slayed_VERB	1985	5141	582464	0.008826296560817492	4305	205327	0.02096655578662329
slinked_VERB	1769	1	58	0.017241379310344827	1	51	0.0196078431372549
slinked_VERB	1793	13	658	0.019756838905775075	10	545	0.01834862385321101
slinked_VERB	1817	26	2983	0.008716057660073752	22	2366	0.009298393913778529
slinked_VERB	1841	47	5804	0.008097863542384563	44	4580	0.00960698689956332
slinked_VERB	1865	61	9412	0.00648108797280068	59	7311	0.008070031459444672
slinked_VERB	1889	133	17858	0.007447642513159368	128	13934	0.009186163341466916
slinked_VERB	1913	195	16406	0.011885895404120444	175	12009	0.0145724040303106
slinked_VERB	1937	159	12207	0.013025313344802163	148	9366	0.01580183642963912
slinked_VERB	1961	795	20134	0.03948544750173835	745	16145	0.04614431712604521
slinked_VERB	1985	9143	84471	0.10823833031454581	7850	65013	0.12074508175288019
smelled_VERB	1769	189	631	0.29952456418383516	127	456	0.27850877192982454
smelled_VERB	1793	790	2708	0.2917282127031019	548	2036	0.2691552062868369
smelled_VERB	1817	1819	7337	0.24792149379855527	1430	5726	0.2497380370241006
smelled_VERB	1841	3120	15304	0.20386826973340302	2418	11180	0.21627906976744185
smelled_VERB	1865	5232	26748	0.19560340960071781	3938	18328	0.2148625054561327
smelled_VERB	1889	18654	60037	0.31070839648883186	12473	38567	0.3234112064718542
smelled_VERB	1913	33452	77256	0.4330019674847261	18932	44517	0.42527573735876184
smelled_VERB	1937	69782	113717	0.6136461566872148	30865	54545	0.5658630488587405
smelled_VERB	1961	179253	255415	0.7018107785368909	77526	121251	0.6393844174481035
smelled_VERB	1985	997675	1182716	0.8435457032795701	329772	426211	0.7737294438670048
sneaked_VERB	1769	100	101	0.9900990099009901	94	95	0.9894736842105263
sneaked_VERB	1793	357	359	0.9944289693593314	316	318	0.9937106918238994
sneaked_VERB	1817	1088	1089	0.9990817263544536	947	948	0.9989451476793249
sneaked_VERB	1841	2262	2262	1.0	1896	1896	1.0
sneaked_VERB	1865	3405	3407	0.9994129732902847	2843	2845	0.9992970123022847
sneaked_VERB	1889	9653	9669	0.998345227014169	7538	7553	0.9980140341586125
sneaked_VERB	1913	14713	14945	0.9844764135162262	10354	10513	0.9848758679729859
sneaked_VERB	1937	21877	22551	0.9701121901467784	14655	15169	0.9661151031709407
sneaked_VERB	1961	51906	57433	0.9037661274876813	35712	39999	0.8928223205580139
sneaked_VERB	1985	202149	306897	0.6586867906822158	132205	200126	0.6606088164456393
spelled_VERB	1769	210	896	0.234375	136	471	0.28874734607218683
spelled_VERB	1793	1231	4084	0.3014201762977473	714	2361	0.30241423125794153
spelled_VERB	1817	3480	10098	0.34462269756387404	2102	6066	0.346521595779756
spelled_VERB	1841	9451	25494	0.3707146779634424	4792	12858	0.3726862653600871
spelled_VERB	1865	17763	40635	0.4371354743447767	9066	21391	0.42382310317423216
spelled_VERB	1889	47012	80462	0.5842758072133429	24412	45011	0.5423563129012908
spelled_VERB	1913	69230	99813	0.6935970264394418	32412	50826	0.6377051115570771
spelled_VERB	1937	119463	148502	0.8044538120698711	51833	69554	0.7452195416510913
spelled_VERB	1961	415435	505565	0.8217242095477337	191584	243964	0.7852961912413307
spelled_VERB	1985	998423	1210464	0.8248266780342084	477296	593895	0.8036706825280563
spilled_VERB	1769	173	1425	0.12140350877192982	148	954	0.15513626834381553
spilled_VERB	1793	842	5322	0.15821119879744458	703	3697	0.19015417906410603
spilled_VERB	1817	3061	12670	0.24159431728492503	2474	9380	0.2637526652452026
spilled_VERB	1841	6297	19932	0.3159241420830825	4962	14570	0.3405628002745367
spilled_VERB	1865	9060	23705	0.38219784855515715	7134	18455	0.3865619073421837
spilled_VERB	1889	21327	43119	0.49460794545328046	16609	34091	0.48719603414390894
spilled_VERB	1913	33287	51762	0.6430779336192574	23657	38258	0.6183543311202886
spilled_VERB	1937	57821	74303	0.7781785392245266	37376	50422	0.7412637340843282
spilled_VERB	1961	174776	208950	0.8364489112227805	109950	137016	0.8024610264494657
spilled_VERB	1985	728283	814753	0.8938696758404081	398358	466220	0.8544421088756381
spoiled_VERB	1769	3630	3949	0.9192200557103064	1779	2005	0.887281795511222
spoiled_VERB	1793	13938	14916	0.9344328238133548	6931	7632	0.9081498951781971
spoiled_VERB	1817	34202	37460	0.9130272290443139	17527	19897	0.8808865658139418
spoiled_VERB	1841	52443	61568	0.8517898908523909	27813	33892	0.8206361383217279
spoiled_VERB	1865	73489	97108	0.756775960785929	39059	53650	0.7280335507921715
spoiled_VERB	1889	136737	180234	0.7586637371417158	72447	97868	0.7402521764008665
spoiled_VERB	1913	127900	171051	0.7477302091189177	69172	93807	0.7373863357745157
spoiled_VERB	1937	124172	158642	0.7827183217559033	67769	88212	0.7682514850587222
spoiled_VERB	1961	232805	292037	0.7971763851840692	138476	176676	0.783785007584505
spoiled_VERB	1985	566987	680696	0.832951861036351	342256	415625	0.8234730827067669
strewed_VERB	1769	1554	1660	0.936144578313253	1016	1112	0.9136690647482014
strewed_VERB	1793	8640	9385	0.9206180074587107	4800	5340	0.898876404494382
strewed_VERB	1817	28419	32709	0.8688434375859855	14871	17833	0.8339034374474289
strewed_VERB	1841	46592	69196	0.6733337187120643	23294	35980	0.6474152306837132
strewed_VERB	1865	34594	88101	0.3926629663681456	20706	48132	0.43019197207678883
strewed_VERB	1889	31788	127260	0.2497878359264498	22309	75782	0.2943838906336597
strewed_VERB	1913	15062	90026	0.16730722235798548	11727	58414	0.20075666792207347
strewed_VERB	1937	10504	80349	0.13072969171987206	8174	52418	0.15593879964897553
strewed_VERB	1961	20699	163714	0.12643390302600876	14994	110805	0.13531880330310003
strewed_VERB	1985	49469	460000	0.10754130434782609	34466	301464	0.11432874240373643
stringed_VERB	1769	23	506	0.045454545454545456	17	395	0.043037974683544304
stringed_VERB	1793	99	2309	0.04287570376786488	60	1770	0.03389830508474576
stringed_VERB	1817	173	6906	0.025050680567622358	159	5405	0.029417206290471787
stringed_VERB	1841	257	14895	0.017254112118160456	228	10947	0.020827624006577145
stringed_VERB	1865	423	24354	0.01736881005173688	360	17397	0.020693222969477496
stringed_VERB	1889	765	55175	0.013864975079293159	651	36778	0.017700799390940235
stringed_VERB	1913	740	58894	0.012564947193262472	626	38928	0.016080969995889847
stringed_VERB	1937	1061	73909	0.014355491212166312	788	46172	0.017066620462618035
stringed_VERB	1961	2707	167712	0.016140765121160083	2111	108995	0.019367860911050964
stringed_VERB	1985	5291	429401	0.012321815738668517	4246	278510	0.015245413091091882
strived_VERB	1769	27	3120	0.008653846153846154	25	1586	0.015762925598991173
strived_VERB	1793	140	13659	0.010249652243941724	120	6460	0.018575851393188854
strived_VERB	1817	474	40000	0.01185	379	18584	0.020393887214808438
strived_VERB	1841	788	96273	0.008185057077269848	576	40933	0.014071775828793395
strived_VERB	1865	516	141496	0.003646746197772375	442	63952	0.006911433575181386
strived_VERB	1889	999	236434	0.004225280627997666	864	112193	0.007701015214852977
strived_VERB	1913	949	186697	0.0050831025672613914	844	97135	0.008688938075873783
strived_VERB	1937	2447	170978	0.014311782802465815	2108	92083	0.022892390560689813
strived_VERB	1961	14328	329648	0.04346454399844683	12037	194884	0.06176494735329734
strived_VERB	1985	58758	685461	0.08572041297754358	48895	413715	0.11818522412772077
swelled_VERB	1769	6187	6698	0.9237085697223052	2258	2488	0.907556270096463
swelled_VERB	1793	18584	21467	0.8657008431546094	7890	9682	0.8149142739103491
swelled_VERB	1817	42048	61540	0.6832629184270393	19223	28607	0.6719683993428182
swelled_VERB	1841	66539	131330	0.5066549912434326	30556	53581	0.5702767772158042
swelled_VERB	1865	69340	198312	0.34965105490338455	35045	69648	0.5031730990121756
swelled_VERB	1889	99377	306922	0.3237858478701429	56692	115528	0.4907208642060799
swelled_VERB	1913	77533	232333	0.3337149694619361	46812	101367	0.4618070969842256
swelled_VERB	1937	83720	252972	0.33094571731258793	49295	111275	0.44300157268029655
swelled_VERB	1961	178617	523739	0.34104200756483666	112319	258601	0.4343332005676699
swelled_VERB	1985	495817	1376400	0.36022740482417903	297387	680102	0.4372682332944176
telled_VERB	1769	6	110646	5.422699419771162e-05	5	6308	0.0007926442612555486
telled_VERB	1793	13	404639	3.212740245008514e-05	12	20172	0.000594883997620464
telled_VERB	1817	114	1107005	0.00010298056467676298	101	50240	0.0020103503184713376
telled_VERB	1841	543	1981043	0.0002740980382556058	311	81303	0.003825197102197951
telled_VERB	1865	946	3017944	0.0003134584339537115	556	120338	0.004620319433595373
telled_VERB	1889	2062	5461674	0.0003775399264035166	875	218952	0.003996309693448792
telled_VERB	1913	1396	5427870	0.0002571911265376658	509	228552	0.0022270643004655396
telled_VERB	1937	533	6321740	8.431223049350337e-05	251	245415	0.0010227573701688975
telled_VERB	1961	1123	15163255	7.406061561320442e-05	549	662287	0.0008289457591648334
telled_VERB	1985	5445	49130235	0.0001108278842956888	2204	1730326	0.0012737484150385533
throwed_VERB	1769	25	66851	0.00037396598405409047	12	10267	0.0011687932209993182
throwed_VERB	1793	11	253836	4.3335066736002776e-05	11	34431	0.0003194795387877204
throwed_VERB	1817	112	737251	0.00015191569763893165	87	88264	0.0009856793256593855
throwed_VERB	1841	417	1329520	0.0003136470305072507	299	142968	0.0020913770913770914
throwed_VERB	1865	1005	1619655	0.0006205025144243681	706	206279	0.003422549071888074
throwed_VERB	1889	2956	2479509	0.0011921715146022862	1905	372439	0.005114931572687071
throwed_VERB	1913	4635	1924918	0.002407894777855472	2109	363569	0.005800824602757661
throwed_VERB	1937	4349	1724480	0.0025219196511412135	1945	364123	0.005341601601656583
throwed_VERB	1961	8634	3410684	0.002531457033251981	4186	847273	0.004940556349606325
throwed_VERB	1985	21431	9343880	0.0022935868183238655	11671	2148790	0.005431428850655486
waked_VERB	1769	1063	1146	0.9275741710296684	674	743	0.9071332436069987
waked_VERB	1793	3611	4408	0.8191923774954628	2334	2816	0.8288352272727273
waked_VERB	1817	8760	13078	0.6698271907019422	5610	8380	0.6694510739856802
waked_VERB	1841	14918	35199	0.42381885849029804	9466	20746	0.45628072881519327
waked_VERB	1865	20934	70705	0.29607524220352166	12809	37591	0.3407464552685483
waked_VERB	1889	42438	149031	0.2847595466714979	24992	74524	0.3353550534056143
waked_VERB	1913	33205	163808	0.20270682750537214	19597	74275	0.26384382362840797
waked_VERB	1937	22899	184311	0.12424109250126146	13524	74607	0.18126985403514415
waked_VERB	1961	32354	433144	0.07469571320392294	19929	177229	0.11244773710848675
waked_VERB	1985	79735	1938366	0.04113516229649096	45594	673833	0.06766364959863942
weaved_VERB	1769	34	1486	0.02288021534320323	32	1114	0.02872531418312388
weaved_VERB	1793	195	7251	0.02689284236657013	158	4971	0.03178434922550795
weaved_VERB	1817	464	20946	0.022152200897546073	413	13004	0.031759458628114426
weaved_VERB	1841	626	50031	0.012512242409705982	543	27511	0.019737559521645888
weaved_VERB	1865	781	85725	0.009110527850685331	667	44969	0.014832440125419734
weaved_VERB	1889	1726	184330	0.009363641295502632	1476	94248	0.01566080977845684
weaved_VERB	1913	1867	226014	0.008260550231401594	1593	102315	0.01556956457997361
weaved_VERB	1937	3696	274222	0.013478130857480435	3008	113239	0.02656328650023402
weaved_VERB	1961	10748	555580	0.01934554879585298	8794	253098	0.034745434574749705
weaved_VERB	1985	56490	1368884	0.041267192837377016	44026	685528	0.06422203031823645
worked_VERB	1769	8714	21478	0.4057174783499395	2637	6045	0.43622828784119105
worked_VERB	1793	36605	95230	0.38438517273968287	10121	22301	0.4538361508452536
worked_VERB	1817	125023	276871	0.45155686222103436	30064	62566	0.4805165744973308
worked_VERB	1841	326764	565805	0.5775205238553919	60272	112246	0.5369634552678937
worked_VERB	1865	704494	998003	0.7059036896682676	103510	175407	0.5901132794016203
worked_VERB	1889	1565870	1998383	0.7835685151444943	209739	334929	0.6262192882670655
worked_VERB	1913	1983439	2255447	0.8793995159274415	238506	341705	0.6979880306111997
worked_VERB	1937	2750650	2940383	0.9354733720062999	276508	358361	0.7715906585817095
worked_VERB	1961	7350523	7694827	0.9552551343909357	753450	920440	0.818575898483334
worked_VERB	1985	20661568	21417366	0.9647109733288398	1861481	2223275	0.83726979343536
bended_VERB	1769	486	5514	0.088139281828074	299	2745	0.10892531876138434
bended_VERB	1793	1132	23732	0.04769930894994101	869	10610	0.0819038642789821
bended_VERB	1817	2208	77603	0.028452508279319097	1796	28946	0.062046569474193326
bended_VERB	1841	3203	161696	0.019808776964179695	2583	50819	0.05082744642751727
bended_VERB	1865	3268	254072	0.012862495670518594	2585	76108	0.03396489199558522
bended_VERB	1889	4241	497335	0.008527451315511678	3681	139764	0.02633725422855671
bended_VERB	1913	2694	442136	0.006093147809723705	2194	130307	0.01683716147252258
bended_VERB	1937	2159	428855	0.005034335614601672	1765	132192	0.013351791333817477
bended_VERB	1961	4308	838096	0.005140222599797637	3330	297743	0.011184142028527959
bended_VERB	1985	10808	2606423	0.004146679184460849	8564	764382	0.011203822172683292
bited_VERB	1769	217	2316	0.09369602763385147	192	1373	0.13983976693372177
bited_VERB	1793	605	9177	0.06592568377465402	560	5533	0.10121091632026026
bited_VERB	1817	1006	22507	0.04469720531390234	965	13782	0.07001886518647511
bited_VERB	1841	776	40748	0.019043879454206342	727	24078	0.03019353766924163
bited_VERB	1865	423	70546	0.0059960876591160376	409	39013	0.010483684925537641
bited_VERB	1889	257	138007	0.0018622243799227575	237	77409	0.003061659496957718
bited_VERB	1913	177	151239	0.001170333049015135	162	81197	0.0019951476039755164
bited_VERB	1937	196	162809	0.0012038646512170703	159	87835	0.0018102123299368134
bited_VERB	1961	832	425296	0.0019562845641623717	773	207768	0.003720495937776751
bited_VERB	1985	1063	1636741	0.0006494613381103058	952	667496	0.0014262257751357311
blended_VERB	1769	5094	5107	0.997454474251028	2370	2383	0.9945446915652539
blended_VERB	1793	19308	19363	0.9971595310644011	8548	8592	0.99487895716946
blended_VERB	1817	51530	51772	0.9953256586571892	22022	22228	0.9907324095735109
blended_VERB	1841	85713	86692	0.9887071471416048	34471	35283	0.9769860839497775
blended_VERB	1865	86543	88357	0.9794696515273267	39645	40965	0.9677773709264006
blended_VERB	1889	112671	116104	0.9704316819403294	58391	61086	0.955881871459909
blended_VERB	1913	84600	86751	0.9752048967735242	47333	49057	0.9648572069225595
blended_VERB	1937	104311	105373	0.9899215168971178	53516	54388	0.9839670515554901
blended_VERB	1961	253562	255229	0.9934686105419055	129420	130839	0.9891546098640314
blended_VERB	1985	699574	704072	0.993611448829097	351124	354512	0.9904432007943313
builded_VERB	1769	512	55329	0.009253736738419274	245	5360	0.0457089552238806
builded_VERB	1793	2512	248205	0.010120666384641727	1177	18495	0.06363882130305488
builded_VERB	1817	6285	576669	0.010898799831445769	3325	48097	0.06913113083976132
builded_VERB	1841	10887	919143	0.011844729274987678	6111	79662	0.07671160653762145
builded_VERB	1865	15705	1437220	0.010927345848234786	9421	119689	0.07871232945383452
builded_VERB	1889	35810	2806314	0.01276051076251624	20741	236590	0.08766642715245784
builded_VERB	1913	30884	2936537	0.010517149962694154	18715	256977	0.07282752931196178
builded_VERB	1937	13774	3729052	0.003693700168300147	8907	287117	0.031022196526154844
builded_VERB	1961	18707	8587690	0.002178350639112497	12159	762510	0.01594602038006059
builded_VERB	1985	40758	19219229	0.002120688608268313	24442	1843457	0.013258784989289145
chided_VERB	1769	37	595	0.06218487394957983	28	407	0.0687960687960688
chided_VERB	1793	149	2383	0.06252622744439781	135	1593	0.0847457627118644
chided_VERB	1817	801	4995	0.16036036036036036	686	3708	0.18500539374325783
chided_VERB	1841	1693	6881	0.24603981979363465	1415	5338	0.26508055451479956
chided_VERB	1865	2169	8063	0.2690065732357683	1873	6075	0.3083127572016461
chided_VERB	1889	5366	13649	0.39314235475126386	4543	10745	0.42280130293159607
chided_VERB	1913	8980	14110	0.6364280652019844	7150	10993	0.6504138997543891
chided_VERB	1937	16504	19653	0.8397700096677352	12520	15052	0.8317831517406324
chided_VERB	1961	57299	62616	0.9150856011243133	41958	46223	0.9077299180061874
chided_VERB	1985	205311	218670	0.9389079434764714	133530	143504	0.9304967108930762
glided_VERB	1769	426	431	0.988399071925754	334	339	0.9852507374631269
glided_VERB	1793	2958	2970	0.9959595959595959	1958	1970	0.9939086294416244
glided_VERB	1817	15327	15378	0.9966835739367929	8136	8185	0.9940134392180818
glided_VERB	1841	37313	37386	0.9980473974214947	17109	17176	0.9960992081974849
glided_VERB	1865	46579	46651	0.9984566247240145	23432	23502	0.9970215300825461
glided_VERB	1889	70484	70605	0.9982862403512499	35594	35713	0.9966678800436816
glided_VERB	1913	46678	46770	0.998032927090015	24792	24882	0.9963829274174102
glided_VERB	1937	34971	35089	0.9966371227450198	20002	20105	0.9948768962944541
glided_VERB	1961	67482	67716	0.9965443912812334	40200	40385	0.99541909124675
glided_VERB	1985	277833	278344	0.998164142212514	150607	151071	0.9969285964877441
lighted_VERB	1769	3782	6560	0.5765243902439025	1985	3671	0.5407245982021247
lighted_VERB	1793	19528	29746	0.6564916291266053	8316	14233	0.584275978360149
lighted_VERB	1817	73297	94650	0.7744004226096144	25611	37693	0.6794630302708726
lighted_VERB	1841	152027	203826	0.7458665724686743	46221	70942	0.6515322376025485
lighted_VERB	1865	219161	315900	0.693767014878126	66735	108991	0.6122982631593434
lighted_VERB	1889	388313	593304	0.6544924692906167	117769	195953	0.6010063637709042
lighted_VERB	1913	296680	550109	0.5393113001241572	100253	182334	0.5498316276722937
lighted_VERB	1937	232228	547192	0.4243994795245545	85125	181312	0.46949457289092833
lighted_VERB	1961	314754	1087739	0.2893653716562521	137725	389600	0.3535035934291581
lighted_VERB	1985	649807	3424367	0.18975974245751112	258618	1019267	0.2537293957324234
melted_VERB	1769	8149	8596	0.9479990693345742	2434	2812	0.8655761024182077
melted_VERB	1793	27133	28057	0.9670670420928823	8467	9186	0.9217287176137601
melted_VERB	1817	58478	59111	0.9892913332543858	21780	22255	0.978656481689508
melted_VERB	1841	106195	107451	0.9883109510381476	37191	38254	0.972212056255555
melted_VERB	1865	145051	147409	0.98400369041239	51145	52947	0.965965965965966
melted_VERB	1889	244836	251554	0.9732940044682256	88004	92589	0.9504800786270508
melted_VERB	1913	214671	223909	0.9587421675770067	78710	83933	0.9377717941691587
melted_VERB	1937	219520	231292	0.9491032979956073	79527	86128	0.9233582574772432
melted_VERB	1961	410382	437112	0.9388486246087959	168988	183644	0.9201934176994621
melted_VERB	1985	1150618	1209739	0.9511291278531981	466284	499689	0.9331484183161927
pleaded_VERB	1769	9244	9509	0.9721316647386686	2537	2656	0.9551957831325302
pleaded_VERB	1793	28186	28664	0.9833240301423388	8623	9007	0.9573664927278783
pleaded_VERB	1817	74774	76000	0.9838684210526316	21615	22457	0.962506122812486
pleaded_VERB	1841	110649	112534	0.9832495068157179	31910	33118	0.9635243674134911
pleaded_VERB	1865	136380	138402	0.9853903845320154	43552	45047	0.9668124403400893
pleaded_VERB	1889	206901	210635	0.9822726517435374	74274	76803	0.9670715987656732
pleaded_VERB	1913	183163	188118	0.9736601494806452	66648	70115	0.9505526634814234
pleaded_VERB	1937	193408	200056	0.9667693045947134	72457	76920	0.9419786791471659
pleaded_VERB	1961	449703	464883	0.9673466226986145	177875	187613	0.948095281243837
pleaded_VERB	1985	1158881	1236017	0.9375930913571577	462190	501187	0.9221907192325419
slided_VERB	1769	5	870	0.005747126436781609	5	680	0.007352941176470588
slided_VERB	1793	149	2438	0.06111566858080394	131	1768	0.07409502262443439
slided_VERB	1817	697	6106	0.11415001637733377	615	4768	0.12898489932885907
slided_VERB	1841	928	13776	0.06736353077816493	818	9284	0.08810857389056441
slided_VERB	1865	816	24156	0.03378042722305018	713	15754	0.04525834708645424
slided_VERB	1889	871	64184	0.013570360214383646	721	35497	0.02031157562610925
slided_VERB	1913	355	92192	0.003850659493231517	320	41344	0.007739938080495356
slided_VERB	1937	344	132946	0.0025875167361184242	292	50468	0.005785844495521915
slided_VERB	1961	1435	325594	0.004407329373391402	1119	113875	0.009826564215148189
slided_VERB	1985	3347	2022626	0.0016547794797456376	2804	421917	0.0066458568865440356
speeded_VERB	1769	29	426	0.06807511737089202	24	276	0.08695652173913043
speeded_VERB	1793	182	2705	0.06728280961182995	145	1621	0.08945095619987661
speeded_VERB	1817	596	8250	0.07224242424242425	502	5074	0.09893575088687426
speeded_VERB	1841	1178	21775	0.05409873708381171	1019	12861	0.07923178601974963
speeded_VERB	1865	1359	39600	0.03431818181818182	1135	22089	0.05138304133279008
speeded_VERB	1889	4767	87294	0.05460856416248539	3708	45642	0.08124096227159196
speeded_VERB	1913	19551	97109	0.20133046370573274	14103	53116	0.26551321635665337
speeded_VERB	1937	55470	124750	0.4446492985971944	36205	72326	0.5005807040345104
speeded_VERB	1961	117680	251868	0.4672288659138914	84027	158718	0.5294106528560087
speeded_VERB	1985	160588	700346	0.22929808980132677	120209	393944	0.30514235525861544
spitted_VERB	1769	102	240	0.425	86	189	0.455026455026455
spitted_VERB	1793	274	1003	0.2731804586241276	245	734	0.3337874659400545
spitted_VERB	1817	852	2845	0.2994727592267135	759	2296	0.33057491289198604
spitted_VERB	1841	1382	7039	0.19633470663446512	1217	5483	0.22195878168885647
spitted_VERB	1865	2058	13785	0.14929270946681175	1783	9340	0.19089935760171306
spitted_VERB	1889	3412	31132	0.1095978414493126	3041	20595	0.14765719834911387
spitted_VERB	1913	2414	49921	0.04835640311692474	2153	27845	0.07732088346202191
spitted_VERB	1937	2192	68725	0.03189523463077483	1885	33348	0.05652512894326496
spitted_VERB	1961	3871	143365	0.027001011404457154	3258	73766	0.04416668926063498
spitted_VERB	1985	10161	528999	0.019207975818479807	8572	242340	0.035371791697614924
threaded_VERB	1769	60	71	0.8450704225352113	50	61	0.819672131147541
threaded_VERB	1793	230	284	0.8098591549295775	194	237	0.8185654008438819
threaded_VERB	1817	2431	2578	0.9429790535298681	1934	2072	0.9333976833976834
threaded_VERB	1841	9070	9296	0.9756884681583476	6478	6685	0.969035153328347
threaded_VERB	1865	15121	15380	0.9831599479843953	10648	10895	0.9773290500229463
threaded_VERB	1889	40177	40671	0.987853753288584	23010	23481	0.9799412290788297
threaded_VERB	1913	45083	45339	0.9943536469705992	23751	23994	0.9898724681170292
threaded_VERB	1937	56075	56220	0.9974208466737816	26878	27009	0.9951497648931837
threaded_VERB	1961	108723	109047	0.9970288040936477	57174	57470	0.9948494866887071
threaded_VERB	1985	297398	297995	0.9979966106813872	163487	164039	0.9966349465675846
treaded_VERB	1769	8	3416	0.00234192037470726	6	2170	0.0027649769585253456
treaded_VERB	1793	14	14872	0.0009413663259817106	14	9032	0.001550044286979628
treaded_VERB	1817	27	43997	0.0006136782053321817	27	26646	0.001013285296104481
treaded_VERB	1841	128	84854	0.0015084733778018714	98	48845	0.002006346606612755
treaded_VERB	1865	93	100686	0.000923663667242715	82	60352	0.001358695652173913
treaded_VERB	1889	227	138628	0.0016374758346077271	218	89387	0.0024388333874053275
treaded_VERB	1913	347	99408	0.0034906647352325767	340	67948	0.0050038264555248135
treaded_VERB	1937	783	77895	0.010051993067590987	688	54126	0.012711081550456343
treaded_VERB	1961	2885	137727	0.02094723619914759	2537	100911	0.0251409658015479
treaded_VERB	1985	14465	330931	0.04371001810044994	12599	235484	0.05350257342324744
sitted_VERB	1769	2228	13260	0.1680241327300151	610	3640	0.16758241758241757
sitted_VERB	1793	4494	88395	0.05083997963685729	1165	15371	0.07579207598724871
sitted_VERB	1817	153	306408	0.0004993342210386152	24	39827	0.000602606272126949
sitted_VERB	1841	42	643247	6.52937363096913e-05	20	64657	0.0003093245897582628
sitted_VERB	1865	52	1019098	5.1025514719879735e-05	24	93313	0.0002571988897581259
sitted_VERB	1889	17	1999165	8.503550232221952e-06	12	165341	7.257727968259537e-05
sitted_VERB	1913	13	2042577	6.364509147023588e-06	13	158880	8.182275931520645e-05
sitted_VERB	1937	53	2133508	2.4841716084495582e-05	38	165527	0.00022956979828064303
sitted_VERB	1961	544	4185116	0.00012998444965444208	250	421785	0.0005927190393209811
sitted_VERB	1985	673	16436705	4.0944946082563385e-05	457	1182995	0.0003863076344363248
betted_VERB	1793	85	250	0.34	82	245	0.3346938775510204
betted_VERB	1817	226	490	0.46122448979591835	205	465	0.44086021505376344
betted_VERB	1841	392	904	0.4336283185840708	365	854	0.4274004683840749
betted_VERB	1865	467	1333	0.350337584396099	437	1285	0.34007782101167316
betted_VERB	1889	583	2394	0.24352548036758562	548	2251	0.24344735673034207
betted_VERB	1913	436	2729	0.15976548186148773	407	2542	0.16011014948859165
betted_VERB	1937	349	4075	0.0856441717791411	343	3681	0.09318120076066286
betted_VERB	1961	406	9878	0.04110143753796315	389	8547	0.04551304551304551
betted_VERB	1985	990	43348	0.022838423918058504	952	36629	0.0259903355264954
fitted_VERB	1769	485	502	0.9661354581673307	431	448	0.9620535714285714
fitted_VERB	1793	1898	1931	0.9829104091144485	1676	1706	0.9824150058616647
fitted_VERB	1817	5233	5355	0.9772175536881419	4746	4852	0.9781533388293487
fitted_VERB	1841	9532	9726	0.9800534649393379	8586	8766	0.9794661190965093
fitted_VERB	1865	11962	12219	0.9789671822571405	10956	11204	0.9778650481970724
fitted_VERB	1889	21337	21849	0.9765664332463728	19611	20105	0.9754289977617508
fitted_VERB	1913	20501	20942	0.9789418393658676	19215	19642	0.9782608695652174
fitted_VERB	1937	21411	22265	0.9616438356164384	20042	20877	0.9600038319681946
fitted_VERB	1961	40160	47578	0.8440876035142293	37637	44710	0.8418027286960411
fitted_VERB	1985	73992	126737	0.5838231929113045	69007	118827	0.5807350181356089
knitted_VERB	1793	9	98	0.09183673469387756	9	97	0.09278350515463918
knitted_VERB	1817	53	353	0.1501416430594901	53	341	0.15542521994134897
knitted_VERB	1841	194	996	0.19477911646586346	188	959	0.19603753910323254
knitted_VERB	1865	514	1616	0.3180693069306931	499	1552	0.32152061855670105
knitted_VERB	1889	1278	3355	0.38092399403874816	1243	3232	0.3845915841584158
knitted_VERB	1913	1968	3520	0.5590909090909091	1851	3352	0.5522076372315036
knitted_VERB	1937	2172	3606	0.6023294509151415	2040	3411	0.5980650835532102
knitted_VERB	1961	4119	6295	0.654328832406672	3799	5876	0.6465282505105514
knitted_VERB	1985	14205	20771	0.683886187472919	13070	19131	0.6831843604620773
patted_VERB	1769	86	94	0.9148936170212766	80	88	0.9090909090909091
patted_VERB	1793	88	128	0.6875	80	120	0.6666666666666666
patted_VERB	1817	135	197	0.6852791878172588	133	195	0.6820512820512821
patted_VERB	1841	440	537	0.819366852886406	433	530	0.8169811320754717
patted_VERB	1865	1143	1290	0.8860465116279069	1105	1251	0.8832933653077538
patted_VERB	1889	4146	4310	0.9619489559164733	3875	4036	0.9601090188305252
patted_VERB	1913	7464	7565	0.9866490416391276	6446	6545	0.984873949579832
patted_VERB	1937	10833	10901	0.9937620401798	8756	8824	0.9922937443336355
patted_VERB	1961	24511	24748	0.9904234685631162	19097	19313	0.9888158235385491
patted_VERB	1985	160191	161076	0.9945056991730612	116778	117616	0.9928751190314243
quitted_VERB	1769	2253	2281	0.9877246821569488	1612	1639	0.9835265405735204
quitted_VERB	1793	10887	10964	0.9929770156877052	7191	7262	0.9902230790415864
quitted_VERB	1817	26774	27091	0.9882986969842383	17560	17861	0.9831476401097363
quitted_VERB	1841	35851	36685	0.9772659124982963	22679	23460	0.9667092924126173
quitted_VERB	1865	28517	29920	0.9531082887700535	19653	20882	0.9411454841490279
quitted_VERB	1889	33797	38279	0.8829123017842682	24756	28707	0.8623680635385098
quitted_VERB	1913	13132	21805	0.6022471910112359	10113	17615	0.5741129718989497
quitted_VERB	1937	7433	21910	0.3392514833409402	5985	18122	0.3302615605341574
quitted_VERB	1961	13978	54232	0.2577445050892462	10661	44785	0.23804845372334488
quitted_VERB	1985	37643	180328	0.20874739363825917	26331	147944	0.1779795057589358
thrusted_VERB	1769	2	146	0.0136986301369863	2	139	0.014388489208633094
thrusted_VERB	1793	6	587	0.010221465076660987	6	555	0.010810810810810811
thrusted_VERB	1817	10	2794	0.0035790980672870437	10	2662	0.003756574004507889
thrusted_VERB	1841	12	5369	0.0022350530825107095	12	5073	0.002365464222353637
thrusted_VERB	1865	4	10145	0.00039428289797930016	4	9148	0.00043725404459991256
thrusted_VERB	1889	7	23985	0.0002918490723368772	7	21075	0.00033214709371293
thrusted_VERB	1913	10	26794	0.0003732178846010301	10	22969	0.000435369410945187
thrusted_VERB	1937	13	24305	0.0005348693684427072	13	20265	0.0006415001233654083
thrusted_VERB	1961	55	43953	0.0012513366550633632	52	38316	0.0013571354003549432
thrusted_VERB	1985	229	136985	0.0016717158813008724	216	113740	0.0018990680499384562
wedded_VERB	1769	54	56	0.9642857142857143	48	50	0.96
wedded_VERB	1793	198	205	0.9658536585365853	173	179	0.9664804469273743
wedded_VERB	1817	863	905	0.9535911602209944	648	690	0.9391304347826087
wedded_VERB	1841	1617	1756	0.9208428246013668	1472	1610	0.9142857142857143
wedded_VERB	1865	2627	2934	0.8953646898432175	2410	2704	0.8912721893491125
wedded_VERB	1889	5737	6355	0.9027537372147915	4657	5257	0.8858664637626023
wedded_VERB	1913	3444	4215	0.8170818505338078	2607	3295	0.7911987860394537
wedded_VERB	1937	1848	2690	0.6869888475836431	1589	2374	0.6693344566133108
wedded_VERB	1961	3152	5810	0.542512908777969	2918	5137	0.5680358185711505
wedded_VERB	1985	7279	19931	0.36520997441172043	6749	16983	0.3973973973973974
wetted_VERB	1793	62	77	0.8051948051948052	62	76	0.8157894736842105
wetted_VERB	1817	160	205	0.7804878048780488	151	196	0.7704081632653061
wetted_VERB	1841	306	378	0.8095238095238095	301	368	0.8179347826086957
wetted_VERB	1865	357	452	0.7898230088495575	347	442	0.7850678733031674
wetted_VERB	1889	614	861	0.7131242740998839	610	854	0.7142857142857143
wetted_VERB	1913	596	1133	0.5260370697263901	575	1046	0.5497131931166348
wetted_VERB	1937	721	2134	0.33786316776007497	678	1904	0.3560924369747899
wetted_VERB	1961	1005	3701	0.27154823020805186	962	3374	0.2851215174866627
wetted_VERB	1985	2897	16087	0.18008329707217008	2789	13990	0.19935668334524662
