awaked_VERB	1769	627	2863	0.2190010478519036	375	1614	0.23234200743494424
awaked_VERB	1784	1209	6527	0.18523058066493028	704	3505	0.20085592011412268
awaked_VERB	1799	3247	22787	0.14249352701101506	1891	10471	0.1805940215834209
awaked_VERB	1814	5034	46923	0.10728214308548047	3099	20663	0.1499782219426027
awaked_VERB	1829	4918	84233	0.05838566832476583	3418	33498	0.10203594244432504
awaked_VERB	1844	6209	134258	0.04624677859047505	4240	51088	0.0829940494832446
awaked_VERB	1859	4989	117514	0.042454516057661214	3306	48658	0.0679436063956595
awaked_VERB	1874	5859	152661	0.03837915381138601	4079	66847	0.06101994105943423
awaked_VERB	1889	7652	215160	0.03556423126975274	5356	93655	0.057188617799370026
awaked_VERB	1904	6906	228085	0.03027818576407918	4767	105593	0.045145038023353824
awaked_VERB	1919	4338	170032	0.025512844641008753	2954	82630	0.03574972770180322
awaked_VERB	1934	2720	128851	0.0211096537861561	1795	63407	0.028309177220180736
awaked_VERB	1949	3370	179834	0.018739504209437593	2297	91705	0.025047707322392455
awaked_VERB	1964	5016	309155	0.016224871019391567	3548	162900	0.02178023327194598
awaked_VERB	1979	4102	439893	0.009324994941951792	2827	217628	0.012990056426562759
awaked_VERB	1994	16961	1239210	0.013686945715415467	11476	568522	0.02018567443300347
blowed_VERB	1769	74	4662	0.015873015873015872	57	1839	0.03099510603588907
blowed_VERB	1784	144	8461	0.01701926486230942	83	3645	0.022770919067215362
blowed_VERB	1799	167	23944	0.00697460741730705	157	10208	0.015380094043887148
blowed_VERB	1814	317	48173	0.006580449629460486	268	19434	0.01379026448492333
blowed_VERB	1829	577	72005	0.008013332407471704	425	29488	0.014412642430819316
blowed_VERB	1844	1003	111339	0.00900852351826404	755	43424	0.017386698599852615
blowed_VERB	1859	1292	115924	0.011145233083744523	1013	45876	0.02208126253378673
blowed_VERB	1874	1888	159916	0.011806198254083394	1353	67049	0.02017927187579233
blowed_VERB	1889	3461	260785	0.01327146883448051	2513	103904	0.024185786880197103
blowed_VERB	1904	4139	326812	0.012664773631323208	2950	128098	0.023029243235647708
blowed_VERB	1919	3458	295888	0.011686854485480992	2401	113412	0.021170599231121925
blowed_VERB	1934	2809	299190	0.009388682776830776	1924	103861	0.01852475905296502
blowed_VERB	1949	3399	402160	0.008451859956236324	2179	152237	0.01431320900963629
blowed_VERB	1964	5083	627192	0.008104376331330756	3319	264370	0.012554374550818929
blowed_VERB	1979	7002	993446	0.007048193862575319	4585	388771	0.011793575138063282
blowed_VERB	1994	16986	2479817	0.00684969898988514	11671	948376	0.012306300454671987
burned_VERB	1769	3254	10588	0.3073290517567057	897	2619	0.3424971363115693
burned_VERB	1784	7427	19447	0.3819098061397645	1973	5097	0.3870904453600157
burned_VERB	1799	22013	61701	0.3567689340529327	5799	14163	0.4094471510273247
burned_VERB	1814	37263	107502	0.3466261092816878	11291	26419	0.4273818085468791
burned_VERB	1829	72060	163699	0.44019816858991195	18960	40137	0.4723820913371702
burned_VERB	1844	139313	266033	0.523668116361504	31046	60409	0.5139300435365591
burned_VERB	1859	154720	269751	0.573565992341085	32726	61976	0.5280431134632761
burned_VERB	1874	242893	388633	0.6249932455555756	49684	89406	0.5557121445987965
burned_VERB	1889	377750	544108	0.6942555522065472	78216	128372	0.6092917458635839
burned_VERB	1904	480241	652331	0.7361922091698846	101219	156538	0.6466097688740114
burned_VERB	1919	375590	503644	0.7457450103644638	84070	128971	0.6518519667212009
burned_VERB	1934	358106	447954	0.7994258339025883	76637	109782	0.698083474522235
burned_VERB	1949	475242	617613	0.7694818599997085	112793	164864	0.6841578513198758
burned_VERB	1964	785010	1034541	0.7588002795442617	208586	303376	0.6875494435947471
burned_VERB	1979	1177114	1432707	0.8216013462627041	302461	411544	0.7349420718076317
burned_VERB	1994	2822326	3420217	0.8251891619742256	718036	968238	0.7415903940973191
catched_VERB	1769	704	6076	0.11586570111915734	466	2210	0.21085972850678733
catched_VERB	1784	884	14744	0.059956592512208355	524	3992	0.1312625250501002
catched_VERB	1799	1708	42821	0.039886971345834986	1033	10632	0.09715951843491347
catched_VERB	1814	2328	81477	0.028572480577340846	1570	19276	0.08144843328491388
catched_VERB	1829	1936	139429	0.013885203221711408	1289	27805	0.04635856860276929
catched_VERB	1844	2117	220064	0.009619928748000581	1497	41356	0.03619789147886643
catched_VERB	1859	1780	279813	0.006361391357799674	1188	45525	0.02609555189456343
catched_VERB	1874	1930	430839	0.004479631602524377	1457	68440	0.021288720046756283
catched_VERB	1889	3182	697984	0.00455884375573079	2153	101839	0.021141213091251877
catched_VERB	1904	3173	890933	0.0035614350349577354	1915	130208	0.014707237650528386
catched_VERB	1919	2331	802905	0.0029032077269415435	1486	115055	0.01291556212246317
catched_VERB	1934	1523	753329	0.0020216930451369855	935	102983	0.009079168406436014
catched_VERB	1949	2058	1143272	0.0018000965649469243	1383	168579	0.008203868809282295
catched_VERB	1964	3860	2026044	0.0019051906079038756	2488	346699	0.007176253753255706
catched_VERB	1979	4002	3570123	0.001120969781713403	2356	514092	0.004582837313165737
catched_VERB	1994	10410	8917685	0.0011673433183612115	6655	1163312	0.005720735279959289
cleaved_VERB	1769	65	137	0.4744525547445255	58	124	0.46774193548387094
cleaved_VERB	1784	98	282	0.3475177304964539	81	227	0.3568281938325991
cleaved_VERB	1799	389	974	0.3993839835728953	319	742	0.4299191374663073
cleaved_VERB	1814	827	2051	0.40321794246708925	552	1411	0.39121190644932674
cleaved_VERB	1829	1087	2675	0.4063551401869159	919	2264	0.40591872791519434
cleaved_VERB	1844	1703	4835	0.35222337125129266	1390	3997	0.3477608206154616
cleaved_VERB	1859	1392	4474	0.31113097898971837	1144	3627	0.3154121863799283
cleaved_VERB	1874	1785	5538	0.32231852654387866	1432	4657	0.30749409491088686
cleaved_VERB	1889	2045	7153	0.28589403047672307	1610	5891	0.27329825157019183
cleaved_VERB	1904	2406	7573	0.3177076455829922	1823	6132	0.2972928897586432
cleaved_VERB	1919	1861	5771	0.32247444117137414	1533	4780	0.3207112970711297
cleaved_VERB	1934	2416	4753	0.5083105407111298	1524	3581	0.4255794470818207
cleaved_VERB	1949	6598	9603	0.6870769551181922	3563	6162	0.5782213567023694
cleaved_VERB	1964	26573	31264	0.8499552200614124	10270	14299	0.7182320441988951
cleaved_VERB	1979	76137	81796	0.9308156878086948	22250	26472	0.840510728316712
cleaved_VERB	1994	121044	137585	0.8797761383871788	42409	55391	0.7656297954541351
climbed_VERB	1769	394	398	0.9899497487437185	277	280	0.9892857142857143
climbed_VERB	1784	1083	1091	0.9926672777268561	682	689	0.9898403483309144
climbed_VERB	1799	3099	3140	0.9869426751592356	1939	1974	0.9822695035460993
climbed_VERB	1814	6823	6903	0.988410835868463	4054	4105	0.9875761266747869
climbed_VERB	1829	12169	12459	0.9767236535837547	6731	6957	0.9675147333620814
climbed_VERB	1844	25087	25691	0.9764898213382118	12305	12783	0.962606586873191
climbed_VERB	1859	34814	35599	0.9779488187870445	15254	15903	0.9591900899201409
climbed_VERB	1874	62792	63627	0.9868766404199475	25714	26383	0.974642762384869
climbed_VERB	1889	123542	124920	0.9889689401216779	44824	45887	0.9768343975417875
climbed_VERB	1904	179406	180605	0.9933612026245121	57146	58014	0.9850380942531113
climbed_VERB	1919	183812	184649	0.9954670753700263	53158	53769	0.9886365749781473
climbed_VERB	1934	207266	207861	0.9971375101630416	49531	49952	0.9915719090326713
climbed_VERB	1949	309473	310391	0.9970424400192016	77051	77597	0.9929636455017591
climbed_VERB	1964	463069	464068	0.997847298240775	139472	140178	0.9949635463482144
climbed_VERB	1979	879868	880732	0.9990189978336202	221638	222113	0.9978614489021354
climbed_VERB	1994	2224255	2227322	0.9986230100542266	525399	527316	0.996364608697631
creeped_VERB	1769	32	1490	0.021476510067114093	19	936	0.0202991452991453
creeped_VERB	1784	161	2708	0.05945347119645495	96	1673	0.05738194859533772
creeped_VERB	1799	152	8088	0.018793273986152326	108	4833	0.0223463687150838
creeped_VERB	1814	222	16547	0.013416329243971717	150	9513	0.01576789656259855
creeped_VERB	1829	205	27208	0.007534548662158189	142	14122	0.0100552329698343
creeped_VERB	1844	171	46557	0.0036729170693988013	144	21813	0.006601567872369688
creeped_VERB	1859	122	55006	0.002217939861106061	106	23755	0.004462218480319933
creeped_VERB	1874	83	79108	0.0010491985639884715	64	34119	0.0018757876842814855
creeped_VERB	1889	117	123150	0.0009500609013398295	102	49388	0.0020652790151453795
creeped_VERB	1904	121	151759	0.000797316798344744	115	58620	0.0019617877857386556
creeped_VERB	1919	114	131495	0.0008669531160880641	99	50927	0.0019439590001374516
creeped_VERB	1934	90	103146	0.0008725495899016927	74	41912	0.0017656041229242223
creeped_VERB	1949	148	126917	0.0011661164383021975	135	58988	0.0022886010714043533
creeped_VERB	1964	507	184777	0.002743847989738983	460	95707	0.004806336004680953
creeped_VERB	1979	1214	291433	0.004165622973376385	1076	135040	0.007968009478672987
creeped_VERB	1994	7345	825633	0.008896204487950457	6269	342822	0.018286457695247095
dared_VERB	1769	3256	6648	0.4897713598074609	1277	2313	0.5520968439256377
dared_VERB	1784	7850	13969	0.5619586226644713	2782	4708	0.5909090909090909
dared_VERB	1799	22240	41033	0.5420027782516511	7121	12249	0.5813535798840722
dared_VERB	1814	46044	76230	0.6040141676505313	13712	21993	0.6234711044423226
dared_VERB	1829	73987	104117	0.7106140207651008	21063	30091	0.6999767372304011
dared_VERB	1844	122374	154047	0.7943939187390862	31136	41471	0.7507897084709797
dared_VERB	1859	122932	145671	0.8439016688290737	32187	40166	0.8013493999900413
dared_VERB	1874	168760	192837	0.8751432557030031	46619	55964	0.8330176542062755
dared_VERB	1889	255862	286187	0.8940378144360156	68154	79708	0.8550459175992372
dared_VERB	1904	269223	296166	0.9090273697858633	79722	89380	0.8919445066010293
dared_VERB	1919	228423	246151	0.9279791672591214	68796	75538	0.9107469088405835
dared_VERB	1934	193571	203993	0.9489100116180457	58714	62856	0.9341033473335879
dared_VERB	1949	263627	277726	0.9492341372431822	86658	92901	0.93279943165305
dared_VERB	1964	399949	424437	0.9423047472298598	151333	162113	0.9335031737121637
dared_VERB	1979	491366	506008	0.9710636985976506	189456	196587	0.9637259839155183
dared_VERB	1994	1225757	1286100	0.9530806313661457	447040	471214	0.9486984682118952
delved_VERB	1799	127	132	0.9621212121212122	89	94	0.9468085106382979
delved_VERB	1814	202	202	1.0	182	182	1.0
delved_VERB	1829	360	361	0.997229916897507	314	315	0.9968253968253968
delved_VERB	1844	796	802	0.9925187032418953	705	710	0.9929577464788732
delved_VERB	1859	994	1000	0.994	895	900	0.9944444444444445
delved_VERB	1874	1697	1705	0.9953079178885631	1529	1534	0.9967405475880052
delved_VERB	1889	3256	3262	0.9981606376456161	3019	3025	0.9980165289256199
delved_VERB	1904	4777	4786	0.9981195152528207	4333	4338	0.9988473951129553
delved_VERB	1919	5721	5730	0.9984293193717277	5124	5133	0.9982466393921683
delved_VERB	1934	6381	6392	0.998279098873592	5528	5537	0.998374571067365
delved_VERB	1949	8947	8963	0.9982148834095727	7902	7918	0.9979792876989139
delved_VERB	1964	17223	17267	0.9974517866450454	15090	15124	0.9977519174821475
delved_VERB	1979	26833	26859	0.9990319818310436	22648	22667	0.9991617770326907
delved_VERB	1994	68975	69027	0.9992466715922755	57622	57671	0.9991503528636576
dived_VERB	1769	106	118	0.8983050847457628	91	103	0.883495145631068
dived_VERB	1784	252	298	0.8456375838926175	225	257	0.8754863813229572
dived_VERB	1799	707	806	0.8771712158808933	572	671	0.8524590163934426
dived_VERB	1814	1477	1686	0.8760379596678529	1171	1352	0.8661242603550295
dived_VERB	1829	2901	3164	0.9168773704171934	2126	2360	0.9008474576271186
dived_VERB	1844	5228	5818	0.8985905809556549	3810	4287	0.8887333799860042
dived_VERB	1859	5908	6511	0.907387498080172	4081	4589	0.8893005011985182
dived_VERB	1874	8454	9246	0.9143413367942894	5653	6361	0.8886967457946864
dived_VERB	1889	14228	15753	0.9031930425950613	9369	10665	0.8784810126582279
dived_VERB	1904	21626	24499	0.8827299073431568	12512	14789	0.8460342146189735
dived_VERB	1919	25671	28788	0.891725719049604	12859	14910	0.8624413145539906
dived_VERB	1934	29034	33716	0.8611341796179856	13146	16080	0.8175373134328359
dived_VERB	1949	40813	46691	0.8741085005675612	17781	21634	0.8219007118424702
dived_VERB	1964	56192	68876	0.8158429641674894	27199	35610	0.763802302723954
dived_VERB	1979	90781	125896	0.7210793035521382	43959	65780	0.6682730313165096
dived_VERB	1994	196681	316226	0.6219634059185519	101541	174022	0.5834951902633
drawed_VERB	1769	24	50200	0.00047808764940239046	11	5788	0.0019004837595024188
drawed_VERB	1784	6	88581	6.773461577539202e-05	5	10514	0.0004755564009891573
drawed_VERB	1799	10	264611	3.7791323867866415e-05	8	26522	0.0003016363773471081
drawed_VERB	1814	73	486179	0.0001501504589873277	59	47017	0.0012548652615011592
drawed_VERB	1829	119	736404	0.00016159608041238234	85	69361	0.0012254725277893916
drawed_VERB	1844	204	1124008	0.00018149337015394907	152	99590	0.001526257656391204
drawed_VERB	1859	438	1109118	0.0003949083866639979	303	106392	0.0028479584931197835
drawed_VERB	1874	784	1601882	0.0004894243146498931	529	158483	0.003337897440103986
drawed_VERB	1889	1823	2315694	0.0007872370010890904	1079	232328	0.004644295995316966
drawed_VERB	1904	1863	2726093	0.0006833956141628331	1233	299889	0.004111521262867261
drawed_VERB	1919	1820	2267658	0.0008025901613029831	891	269350	0.0033079636161128644
drawed_VERB	1934	1312	1987357	0.0006601732854238066	719	241360	0.0029789526019224394
drawed_VERB	1949	1363	3175448	0.00042923077310666084	746	403522	0.0018487220027656485
drawed_VERB	1964	2141	5437934	0.0003937157015881399	1306	805651	0.0016210493129158903
drawed_VERB	1979	3040	7166224	0.00042421224901705555	1865	1114271	0.0016737400506698999
drawed_VERB	1994	7580	14690376	0.0005159840701150195	4639	2298469	0.0020183000075267494
dreamed_VERB	1769	681	1028	0.6624513618677043	428	701	0.6105563480741797
dreamed_VERB	1784	1329	1967	0.6756481952211489	831	1278	0.6502347417840375
dreamed_VERB	1799	4250	6492	0.6546518792359828	2430	4053	0.5995558845299778
dreamed_VERB	1814	9153	14184	0.6453045685279187	5326	8744	0.609103385178408
dreamed_VERB	1829	21347	30401	0.7021808493141672	10649	16259	0.654960329663571
dreamed_VERB	1844	45362	60192	0.7536217437533227	19387	27926	0.6942276015182983
dreamed_VERB	1859	51300	69132	0.7420586703697275	21092	31121	0.6777417178111244
dreamed_VERB	1874	80824	106687	0.7575805862007555	32997	47801	0.6902993661220477
dreamed_VERB	1889	146938	179607	0.8181084256181552	54485	72432	0.7522227744643252
dreamed_VERB	1904	182908	217114	0.8424514310454415	69642	89332	0.7795862624815296
dreamed_VERB	1919	166397	198422	0.8386015663585691	61516	79064	0.7780532227056561
dreamed_VERB	1934	147226	171538	0.8582704706828808	52395	65915	0.7948873549267996
dreamed_VERB	1949	199888	241999	0.8259868842433233	76431	98001	0.779900205099948
dreamed_VERB	1964	324197	396893	0.8168372836003659	135550	176322	0.7687639659259763
dreamed_VERB	1979	491827	587760	0.8367820198720566	195510	249499	0.7836103551517241
dreamed_VERB	1994	1208374	1457297	0.8291885593671022	482753	621689	0.7765184843225471
dwelled_VERB	1769	119	2964	0.04014844804318488	91	1381	0.06589427950760318
dwelled_VERB	1784	369	6644	0.055538832028898255	174	2806	0.06200997861724875
dwelled_VERB	1799	681	21716	0.03135936636581323	428	8037	0.05325370162996143
dwelled_VERB	1814	829	45194	0.018343142895074566	527	15165	0.03475107154632377
dwelled_VERB	1829	1097	80731	0.01358833657455005	669	24056	0.02781010974393083
dwelled_VERB	1844	1199	132743	0.009032491355476372	820	36171	0.022670094827347876
dwelled_VERB	1859	1132	123732	0.009148805482817702	717	35771	0.020044169858265074
dwelled_VERB	1874	1868	169622	0.011012722406291637	948	51060	0.018566392479435957
dwelled_VERB	1889	2527	220944	0.011437287276413933	1282	69983	0.018318734549819242
dwelled_VERB	1904	3225	208597	0.015460433275646342	1874	77261	0.024255445826484253
dwelled_VERB	1919	2740	141573	0.01935397286205703	1621	57577	0.028153603001198395
dwelled_VERB	1934	2451	87918	0.02787825018767488	1668	38603	0.043209077014739784
dwelled_VERB	1949	5322	123263	0.04317597332532877	3798	55903	0.06793910881348049
dwelled_VERB	1964	14747	195630	0.07538209886009303	10618	96495	0.11003678947095705
dwelled_VERB	1979	26994	179646	0.15026218229184063	19596	100881	0.19424866922413536
dwelled_VERB	1994	72999	511668	0.14266868359952156	50775	243480	0.20853868900936423
freezed_VERB	1769	8	1511	0.005294506949040371	8	722	0.0110803324099723
freezed_VERB	1784	4	3030	0.0013201320132013201	4	1407	0.0028429282160625444
freezed_VERB	1799	29	8748	0.0033150434385002285	23	3953	0.0058183657981280045
freezed_VERB	1814	24	17843	0.0013450652917110352	18	7338	0.0024529844644317253
freezed_VERB	1829	45	27942	0.0016104788490444492	28	11331	0.0024710969905568795
freezed_VERB	1844	51	44727	0.0011402508551881414	44	18978	0.002318474022552429
freezed_VERB	1859	43	45904	0.0009367375392122691	37	19615	0.001886311496303849
freezed_VERB	1874	51	67384	0.0007568562269975068	36	29202	0.0012327922745017466
freezed_VERB	1889	60	101520	0.000591016548463357	53	46408	0.0011420444750905017
freezed_VERB	1904	99	126236	0.0007842453816660857	88	57668	0.0015259762780051329
freezed_VERB	1919	73	114563	0.0006372039838342222	68	52867	0.0012862466188737775
freezed_VERB	1934	50	142344	0.00035126173214185356	42	57769	0.000727033530093995
freezed_VERB	1949	202	231428	0.0008728416613374354	160	94898	0.001686020780206116
freezed_VERB	1964	433	449379	0.0009635519238771727	364	185186	0.001965591351398054
freezed_VERB	1979	662	865935	0.0007644915611448896	588	331675	0.0017728197783975278
freezed_VERB	1994	980	1896702	0.0005166863323811542	867	755735	0.001147227533460803
gnawed_VERB	1769	74	80	0.925	66	72	0.9166666666666666
gnawed_VERB	1784	230	242	0.9504132231404959	198	209	0.9473684210526315
gnawed_VERB	1799	692	738	0.9376693766937669	574	617	0.9303079416531604
gnawed_VERB	1814	1443	1506	0.9581673306772909	1159	1221	0.9492219492219492
gnawed_VERB	1829	2526	2598	0.9722863741339491	1996	2065	0.9665859564164649
gnawed_VERB	1844	4609	4700	0.9806382978723405	3434	3525	0.9741843971631206
gnawed_VERB	1859	5885	5957	0.987913379217727	4175	4241	0.9844376326338128
gnawed_VERB	1874	8513	8605	0.989308541545613	5925	6008	0.986185086551265
gnawed_VERB	1889	12949	13103	0.9882469663435854	9526	9677	0.9843959904929214
gnawed_VERB	1904	12703	12857	0.9880220891343238	9691	9818	0.9870645752699124
gnawed_VERB	1919	12283	12543	0.979271306704935	9139	9243	0.9887482419127989
gnawed_VERB	1934	10769	10854	0.992168785701124	7931	8002	0.9911272181954511
gnawed_VERB	1949	15166	15281	0.9924743145082128	11540	11644	0.9910683613878393
gnawed_VERB	1964	23325	23587	0.98889218637385	18042	18215	0.9905023332418337
gnawed_VERB	1979	38634	38775	0.9963636363636363	28872	29004	0.9954489035995036
gnawed_VERB	1994	97594	98122	0.9946189437638858	72725	73132	0.9944347207788656
growed_VERB	1769	19	19768	0.0009611493322541481	15	4570	0.0032822757111597373
growed_VERB	1784	25	31538	0.0007926945272369839	9	7841	0.0011478127789822726
growed_VERB	1799	62	92165	0.0006727065588889491	41	20647	0.0019857606431927157
growed_VERB	1814	62	162751	0.00038095004024552844	34	36556	0.0009300798774482985
growed_VERB	1829	186	257403	0.0007226023006724863	80	55399	0.001444069387534071
growed_VERB	1844	304	460324	0.0006604044108063017	222	83935	0.0026449037946029664
growed_VERB	1859	659	561971	0.0011726583756101294	531	92626	0.005732731630427742
growed_VERB	1874	1101	939891	0.0011714124297391932	880	142340	0.0061823802163833074
growed_VERB	1889	2514	1481056	0.0016974375040511634	1888	214281	0.00881086050559779
growed_VERB	1904	3102	1916048	0.0016189573538867503	2284	280083	0.008154725563493679
growed_VERB	1919	2745	1778274	0.00154363163382021	1936	253603	0.007633979093307256
growed_VERB	1934	2922	1672654	0.0017469243489687647	1986	230078	0.008631855283860256
growed_VERB	1949	3376	2532066	0.001333298579104968	2270	373781	0.0060730748753949505
growed_VERB	1964	5029	4375845	0.0011492637422029345	3341	747431	0.004469977830729526
growed_VERB	1979	6931	6475511	0.0010703402403300683	4543	1083798	0.004191740527293831
growed_VERB	1994	15482	13778854	0.001123605780277518	10166	2326549	0.0043695619563568185
hanged_VERB	1769	3227	9158	0.3523695129941035	1013	2822	0.3589652728561304
hanged_VERB	1784	6034	18246	0.3307026197522745	2006	5589	0.35891930577920916
hanged_VERB	1799	18855	56008	0.3366483359520069	5309	14815	0.35835302058724267
hanged_VERB	1814	31012	105725	0.2933270276661149	9632	27163	0.35460000736295694
hanged_VERB	1829	43864	162066	0.2706551651796182	13320	39273	0.3391643113589489
hanged_VERB	1844	67780	272748	0.24850778007538094	17990	57172	0.3146645210942419
hanged_VERB	1859	62863	276779	0.22712344505905432	17346	59101	0.2934975719530972
hanged_VERB	1874	92460	400541	0.23083779188647355	24943	86018	0.2899741914483015
hanged_VERB	1889	128379	593284	0.2163870928594063	39481	129412	0.30507989985472755
hanged_VERB	1904	126985	657018	0.19327476568374077	42559	152670	0.27876465579354165
hanged_VERB	1919	99398	555803	0.17883674611328115	34961	127655	0.27387098037679686
hanged_VERB	1934	81419	495578	0.16429098951123738	28741	107093	0.2683742168022186
hanged_VERB	1949	121266	669442	0.18114489380708113	42891	159819	0.2683723462166576
hanged_VERB	1964	207980	1085641	0.19157345752417235	78285	292453	0.2676840381189456
hanged_VERB	1979	226932	1705205	0.13308194615896624	88544	393151	0.2252162655061287
hanged_VERB	1994	535374	4482680	0.11943167926329785	203517	943052	0.2158067635718921
heaved_VERB	1769	208	378	0.5502645502645502	121	230	0.5260869565217391
heaved_VERB	1784	515	893	0.5767077267637178	367	582	0.6305841924398625
heaved_VERB	1799	1931	3327	0.5804027652539826	1320	2061	0.6404657933042213
heaved_VERB	1814	4386	7889	0.5559640005070351	2767	4376	0.6323126142595978
heaved_VERB	1829	6647	13283	0.5004140630881578	4258	6985	0.6095919828203292
heaved_VERB	1844	11298	20955	0.5391553328561203	7227	11438	0.6318412309844378
heaved_VERB	1859	11373	18999	0.5986104531817464	7645	11485	0.6656508489333913
heaved_VERB	1874	14170	23769	0.5961546552231899	9477	13965	0.678625134264232
heaved_VERB	1889	24467	38094	0.6422796240877828	15160	21746	0.6971397038535823
heaved_VERB	1904	27965	42435	0.6590078944267703	17050	24337	0.7005793647532563
heaved_VERB	1919	26046	39622	0.6573620715763969	15293	21839	0.7002610009615825
heaved_VERB	1934	25321	37979	0.6667105505674188	14353	20482	0.7007616443706669
heaved_VERB	1949	36096	52151	0.692143966558647	20453	28990	0.7055191445325975
heaved_VERB	1964	55355	77661	0.712777327101119	32748	44812	0.7307863965009372
heaved_VERB	1979	115201	138640	0.8309362377380265	58666	71439	0.8212041042007867
heaved_VERB	1994	297348	362128	0.821112976627049	149850	182455	0.8212984023457839
helped_VERB	1769	1980	2019	0.9806835066864784	953	985	0.9675126903553299
helped_VERB	1784	2989	3080	0.9704545454545455	1562	1625	0.9612307692307692
helped_VERB	1799	8877	9327	0.9517529752331939	4247	4522	0.9391862007961079
helped_VERB	1814	18518	19585	0.9455195302527445	8542	9087	0.9400242104104765
helped_VERB	1829	34005	35183	0.966517920586647	14384	15026	0.9572740582989485
helped_VERB	1844	68591	69958	0.980459704394065	25841	26692	0.9681177881013038
helped_VERB	1859	104623	105885	0.9880814090758843	32989	33834	0.9750251226576816
helped_VERB	1874	199361	200852	0.9925766235835342	55519	56471	0.9831417895911175
helped_VERB	1889	360592	362306	0.9952691923401765	88690	89906	0.9864747625297533
helped_VERB	1904	518999	520904	0.9963428961958442	120317	121674	0.9888472475631606
helped_VERB	1919	559461	560642	0.9978934863959532	115108	115901	0.9931579537708907
helped_VERB	1934	678793	679955	0.9982910633791943	111299	112055	0.9932533131051716
helped_VERB	1949	1251017	1252492	0.9988223477674907	192565	193677	0.9942584819054405
helped_VERB	1964	2588585	2590854	0.9991242269923354	404554	406222	0.9958938708390979
helped_VERB	1979	4248242	4249937	0.9996011705585283	613779	615028	0.9979691981503281
helped_VERB	1994	9880866	9885584	0.999522739374831	1313675	1316926	0.9975313723018605
hewed_VERB	1769	1091	2257	0.4833850243686309	652	1409	0.4627395315826828
hewed_VERB	1784	1409	3684	0.38246471226927253	933	2293	0.40689053641517664
hewed_VERB	1799	1973	6323	0.3120354262217302	1336	3659	0.36512708390270565
hewed_VERB	1814	1956	8636	0.22649374710514128	1479	4715	0.3136797454931071
hewed_VERB	1829	2942	13296	0.22126955475330926	2450	8119	0.3017613006527898
hewed_VERB	1844	5091	21134	0.2408914545282483	3896	12323	0.31615678000486896
hewed_VERB	1859	4875	19700	0.24746192893401014	3739	11928	0.3134641180415828
hewed_VERB	1874	6850	28042	0.24427644247913843	5170	16458	0.314132944464698
hewed_VERB	1889	10228	34796	0.2939418323945281	7694	22582	0.3407138428837127
hewed_VERB	1904	10980	34919	0.3144419943297345	7830	23252	0.3367452262170996
hewed_VERB	1919	7532	24493	0.3075164332666476	5752	17574	0.32730169568681006
hewed_VERB	1934	6101	19149	0.3186067157553919	4868	14027	0.34704498467241746
hewed_VERB	1949	8268	26998	0.3062449070301504	6648	19531	0.34038195688904815
hewed_VERB	1964	12614	42342	0.29790751499692975	10039	29310	0.34251108836574545
hewed_VERB	1979	12183	40524	0.30063665975718096	9411	28914	0.3254824652417514
hewed_VERB	1994	30603	101911	0.3002914307582106	23859	72286	0.33006391279085856
kneeled_VERB	1769	436	518	0.8416988416988417	266	330	0.806060606060606
kneeled_VERB	1784	790	1358	0.5817378497790869	468	847	0.5525383707201889
kneeled_VERB	1799	2554	4744	0.5383642495784149	1446	2692	0.537147102526003
kneeled_VERB	1814	5199	13018	0.3993701029343985	2897	6713	0.4315507224787725
kneeled_VERB	1829	7448	24978	0.29818240051245093	3918	11689	0.3351869278809137
kneeled_VERB	1844	10063	47888	0.21013615101904443	5310	19924	0.2665127484440875
kneeled_VERB	1859	8016	50229	0.15958908200441976	4301	20678	0.207998839346165
kneeled_VERB	1874	9333	67784	0.1376873598489319	5434	28273	0.1921975029179783
kneeled_VERB	1889	12329	95780	0.1287220714136563	7061	39503	0.1787459180315419
kneeled_VERB	1904	10992	97878	0.11230307117023233	6636	41427	0.16018538634224055
kneeled_VERB	1919	7831	72754	0.10763669351513319	4632	32261	0.14357893431697716
kneeled_VERB	1934	5514	61195	0.09010540076803661	3505	25504	0.1374294228356336
kneeled_VERB	1949	7249	82322	0.08805665557202207	4756	35484	0.13403223988276405
kneeled_VERB	1964	12919	121738	0.10612134255532372	8431	57975	0.1454247520482967
kneeled_VERB	1979	20502	259059	0.07914027306520909	13176	99276	0.13272089931101172
kneeled_VERB	1994	79784	783686	0.1018060804965254	47775	290976	0.16418879907621248
knowed_VERB	1769	8	111166	7.196444956191641e-05	2	6869	0.00029116319697190275
knowed_VERB	1784	23	235486	9.767034982971387e-05	6	12239	0.0004902361304028106
knowed_VERB	1799	49	692630	7.074484212350029e-05	33	29329	0.0011251662177367112
knowed_VERB	1814	109	1303807	8.360133056502994e-05	74	51536	0.001435889475318224
knowed_VERB	1829	572	2009629	0.0002846296505474394	244	76679	0.0031820967931245844
knowed_VERB	1844	1705	3109316	0.000548352113455178	674	110132	0.00611992881269749
knowed_VERB	1859	3433	3316223	0.0010352138562454937	1578	119662	0.01318714378833715
knowed_VERB	1874	6216	4969345	0.0012508690783191749	2390	179374	0.01332411609263327
knowed_VERB	1889	12789	7285160	0.0017554864958353694	4291	261827	0.01638868413112475
knowed_VERB	1904	16554	9031762	0.0018328649492756785	5060	349304	0.014485949201841377
knowed_VERB	1919	14257	8022217	0.001777189522547196	3511	315581	0.011125511358415113
knowed_VERB	1934	10885	7643712	0.0014240463272294926	2820	286692	0.009836340044368171
knowed_VERB	1949	12647	12135526	0.0010421468340144466	3116	473518	0.006580531257523474
knowed_VERB	1964	19953	20972144	0.0009514048730544669	5416	961398	0.0056334629362657295
knowed_VERB	1979	32276	31142229	0.0010364062251292288	8543	1361132	0.006276393472492014
knowed_VERB	1994	77370	71478678	0.0010824206905449482	22636	2902289	0.007799361124960333
leaned_VERB	1769	524	561	0.9340463458110517	351	383	0.9164490861618799
leaned_VERB	1784	1134	1291	0.8783888458559257	740	855	0.8654970760233918
leaned_VERB	1799	3738	4293	0.8707197763801537	2313	2748	0.8417030567685589
leaned_VERB	1814	8246	9843	0.8377527176673778	4910	6036	0.8134526176275679
leaned_VERB	1829	14714	18281	0.8048793829659209	8001	10092	0.7928061831153389
leaned_VERB	1844	30139	36973	0.8151624158169475	13935	17870	0.7797985450475657
leaned_VERB	1859	34289	43893	0.7811951791857472	14840	20152	0.7364033346566098
leaned_VERB	1874	53876	67713	0.7956522381226647	21511	28799	0.7469356574881072
leaned_VERB	1889	118069	135208	0.8732397491272705	36162	44454	0.8134701039276555
leaned_VERB	1904	170464	191428	0.8904862402574336	42878	51666	0.8299074826771958
leaned_VERB	1919	149585	170578	0.8769302020190177	38415	46888	0.8192927828015697
leaned_VERB	1934	162728	177679	0.915853871307245	36675	42565	0.8616233995066369
leaned_VERB	1949	214879	235111	0.9139470292755337	55351	64400	0.8594875776397516
leaned_VERB	1964	326447	353946	0.9223073576195239	95764	109226	0.8767509567319136
leaned_VERB	1979	1022286	1063938	0.9608511022258815	157775	175180	0.9006450508048864
leaned_VERB	1994	3065807	3186033	0.9622646720859451	404260	449073	0.9002099881311056
leaped_VERB	1769	782	1008	0.7757936507936508	466	608	0.7664473684210527
leaped_VERB	1784	1817	2139	0.8494623655913979	1074	1306	0.8223583460949464
leaped_VERB	1799	5745	6837	0.840280824923212	2980	3686	0.8084644601193706
leaped_VERB	1814	10971	13101	0.837416991069384	5838	7305	0.7991786447638604
leaped_VERB	1829	17592	20648	0.8519953506392871	8978	11127	0.8068661813606542
leaped_VERB	1844	32035	37955	0.8440258200500593	14591	18409	0.7926014449454072
leaped_VERB	1859	35288	42647	0.8274438999226206	15144	19760	0.7663967611336032
leaped_VERB	1874	48712	61194	0.7960257541589044	20893	28046	0.7449547172502318
leaped_VERB	1889	93421	116039	0.8050827738949836	33948	45013	0.7541821251638415
leaped_VERB	1904	116814	148421	0.7870449599450212	39204	54039	0.7254760450785543
leaped_VERB	1919	100382	139056	0.7218818317800023	32649	49088	0.6651116362451108
leaped_VERB	1934	82900	116180	0.7135479428473059	27618	41442	0.6664253655711597
leaped_VERB	1949	104526	150657	0.6938011509588005	38699	59257	0.6530705233137013
leaped_VERB	1964	155456	225555	0.6892154906785485	64953	100128	0.6486996644295302
leaped_VERB	1979	264169	411884	0.6413674723951404	94320	156955	0.6009365741773119
leaped_VERB	1994	686898	1117274	0.614798160522844	229825	398243	0.5770974003309537
learned_VERB	1769	14724	17376	0.8473756906077348	2698	3716	0.7260495156081809
learned_VERB	1784	31397	36828	0.8525306831758445	4861	6851	0.7095314552620056
learned_VERB	1799	91380	112401	0.8129820909066645	12311	18555	0.6634869307464295
learned_VERB	1814	175791	215743	0.8148167032070566	22133	33277	0.6651140427322174
learned_VERB	1829	272481	323867	0.8413361040180074	33853	49118	0.6892178020277698
learned_VERB	1844	428350	510242	0.8395036080918467	48487	69414	0.6985190307430778
learned_VERB	1859	412786	506281	0.8153298267167838	50892	73809	0.6895094094216152
learned_VERB	1874	608938	747266	0.8148878712533422	75398	108831	0.692798926776378
learned_VERB	1889	952845	1123655	0.8479871490804561	113781	153477	0.7413553822396841
learned_VERB	1904	1168446	1359156	0.8596849809734864	148372	193549	0.766586239143576
learned_VERB	1919	1072754	1258268	0.8525640006739422	130889	172490	0.758820801205867
learned_VERB	1934	1153268	1289787	0.8941538409055139	119506	150518	0.7939648414143159
learned_VERB	1949	1806602	2047409	0.8823845162349095	193582	248038	0.7804529951055886
learned_VERB	1964	3380503	3784863	0.8931639005163463	396406	501364	0.7906550929065509
learned_VERB	1979	5044043	5476567	0.9210227867202209	582686	705828	0.8255353995590994
learned_VERB	1994	12218969	13187943	0.9265257667552855	1300556	1567433	0.8297362630492021
pitched_VERB	1769	2081	2097	0.9923700524558894	959	972	0.9866255144032922
pitched_VERB	1784	3880	3892	0.9969167523124358	1607	1617	0.9938157081014224
pitched_VERB	1799	9982	10058	0.9924438258103002	4084	4145	0.9852834740651387
pitched_VERB	1814	19090	19179	0.995359507794984	7461	7530	0.9908366533864542
pitched_VERB	1829	28248	28319	0.9974928493237756	11258	11322	0.9943472884649355
pitched_VERB	1844	46953	47045	0.9980444255500053	16722	16808	0.9948833888624464
pitched_VERB	1859	45043	45136	0.9979395604395604	17207	17280	0.9957754629629629
pitched_VERB	1874	59213	59332	0.9979943369513922	23828	23906	0.9967372207813938
pitched_VERB	1889	80268	80526	0.9967960658669249	34614	34779	0.9952557577848702
pitched_VERB	1904	84227	84482	0.9969816055491111	38417	38612	0.9949497565523672
pitched_VERB	1919	65175	65342	0.9974442165835145	31384	31501	0.9962858321958034
pitched_VERB	1934	56908	57027	0.9979132691532081	27575	27667	0.9966747388585679
pitched_VERB	1949	83167	83367	0.9976009692084398	41690	41833	0.996581646068893
pitched_VERB	1964	135335	135582	0.9981782242480566	70800	71003	0.9971409658746814
pitched_VERB	1979	213209	213356	0.9993110107051126	104484	104613	0.9987668836569069
pitched_VERB	1994	569543	570067	0.9990808097995498	267275	267651	0.998595185521444
quaked_VERB	1784	90	98	0.9183673469387755	84	89	0.9438202247191011
quaked_VERB	1799	255	268	0.9514925373134329	220	233	0.944206008583691
quaked_VERB	1814	581	584	0.9948630136986302	498	501	0.9940119760479041
quaked_VERB	1829	1093	1098	0.9954462659380692	964	969	0.9948400412796697
quaked_VERB	1844	1681	1688	0.9958530805687204	1512	1519	0.9953917050691244
quaked_VERB	1859	1786	1790	0.9977653631284916	1556	1560	0.9974358974358974
quaked_VERB	1874	2618	2620	0.999236641221374	2218	2220	0.9990990990990991
quaked_VERB	1889	4448	4456	0.9982046678635548	3529	3537	0.9977381962114786
quaked_VERB	1904	3830	3835	0.9986962190352021	3278	3281	0.9990856446205425
quaked_VERB	1919	3307	3323	0.9951850737285586	2817	2832	0.9947033898305084
quaked_VERB	1934	2491	2499	0.9967987194877951	2112	2120	0.9962264150943396
quaked_VERB	1949	3447	3457	0.9971073184842348	2927	2937	0.996595165134491
quaked_VERB	1964	5538	5570	0.9942549371633752	4677	4706	0.9938376540586485
quaked_VERB	1979	9288	9321	0.9964596073382684	7470	7485	0.9979959919839679
quaked_VERB	1994	27787	27843	0.9979887224796179	22166	22218	0.99765955531551
shaked_VERB	1769	13	4039	0.0032186184699182965	12	2081	0.005766458433445459
shaked_VERB	1784	26	9135	0.0028461959496442254	24	4493	0.005341642555085689
shaked_VERB	1799	176	29471	0.0059719724474907535	145	13430	0.010796723752792257
shaked_VERB	1814	281	64389	0.004364099457981953	242	26485	0.009137247498584104
shaked_VERB	1829	641	107216	0.005978585285778242	269	39382	0.006830531714996699
shaked_VERB	1844	383	179569	0.0021328848520624382	315	59047	0.005334733348010907
shaked_VERB	1859	283	199984	0.0014151132090567246	229	62163	0.0036838633914064636
shaked_VERB	1874	373	286334	0.0013026744990116438	316	88885	0.00355515553805479
shaked_VERB	1889	430	464335	0.0009260555417963324	372	126519	0.0029402698408934626
shaked_VERB	1904	535	596113	0.0008974808467522098	426	148424	0.0028701557699563414
shaked_VERB	1919	393	529945	0.0007415863910405797	331	129172	0.0025624748397485523
shaked_VERB	1934	340	498992	0.0006813736492769423	210	113180	0.0018554514931966779
shaked_VERB	1949	754	683014	0.0011039305197258036	496	174236	0.002846713652746849
shaked_VERB	1964	1137	1037933	0.0010954464305499487	885	310995	0.002845704914870014
shaked_VERB	1979	1258	2314876	0.0005434416357506838	985	426096	0.0023116856295294958
shaked_VERB	1994	2543	6514760	0.00039034438720689636	1947	1012468	0.0019230237400095608
sheared_VERB	1769	22	235	0.09361702127659574	16	132	0.12121212121212122
sheared_VERB	1784	33	456	0.07236842105263158	27	314	0.08598726114649681
sheared_VERB	1799	233	2119	0.10995752713544124	168	1313	0.12795125666412796
sheared_VERB	1814	344	3613	0.09521173539994464	291	2717	0.10710342289289658
sheared_VERB	1829	544	7281	0.07471501167422058	427	5287	0.08076413845280878
sheared_VERB	1844	1187	13208	0.08986977589339794	876	9685	0.09044914816726897
sheared_VERB	1859	1520	13593	0.11182226145810344	929	9813	0.09467033526954041
sheared_VERB	1874	2771	19517	0.14197878772352307	1721	14174	0.121419500493862
sheared_VERB	1889	4528	27760	0.16311239193083574	2787	20097	0.1386774145394835
sheared_VERB	1904	9216	36076	0.2554606940902539	4812	24799	0.1940400822613815
sheared_VERB	1919	7840	29540	0.26540284360189575	4458	20615	0.2162503031772981
sheared_VERB	1934	9331	27527	0.3389762778363062	5282	18474	0.28591534047851036
sheared_VERB	1949	14471	40493	0.35737040970044204	8057	26886	0.2996726921074165
sheared_VERB	1964	23437	64529	0.36320104139224224	13569	44740	0.3032856504246759
sheared_VERB	1979	35151	76762	0.4579218884343816	20691	52658	0.3929317482623723
sheared_VERB	1994	60434	150991	0.4002490214648555	38610	109979	0.3510670218859964
shined_VERB	1769	224	2067	0.10836961780358007	133	1051	0.12654614652711704
shined_VERB	1784	293	3988	0.0734704112337011	186	2070	0.08985507246376812
shined_VERB	1799	1271	14840	0.08564690026954178	837	6888	0.12151567944250871
shined_VERB	1814	2441	30877	0.07905560773391197	1580	13558	0.1165363622953238
shined_VERB	1829	4130	49657	0.0831705499728135	2260	20421	0.11067038832574311
shined_VERB	1844	3821	84304	0.04532406528753084	2632	30687	0.085769218235735
shined_VERB	1859	2986	85471	0.0349358261866598	2123	31093	0.06827903386614351
shined_VERB	1874	3278	116218	0.028205613588256552	2446	42090	0.0581135661677358
shined_VERB	1889	3451	176134	0.01959303711946586	2605	58798	0.044304228034967176
shined_VERB	1904	3660	180946	0.02022702905839311	2945	63469	0.04640060501977343
shined_VERB	1919	3815	146026	0.026125484502759783	2978	52188	0.05706292634322067
shined_VERB	1934	5030	119087	0.04223802766044992	3973	42584	0.09329795228254743
shined_VERB	1949	7008	152234	0.046034394419117934	5486	60498	0.09068068365896394
shined_VERB	1964	12695	216743	0.05857167244155521	9935	96884	0.10254531191940877
shined_VERB	1979	25799	331487	0.07782808978934318	18987	140224	0.13540478092195343
shined_VERB	1994	95688	939946	0.10180159285746203	64105	382752	0.167484428559485
slayed_VERB	1769	6	4793	0.0012518255789693302	6	1030	0.005825242718446602
slayed_VERB	1784	12	8777	0.001367209752762903	12	2000	0.006
slayed_VERB	1799	12	40295	0.0002978036977292468	12	6556	0.0018303843807199512
slayed_VERB	1814	19	66255	0.0002867708097502075	19	11864	0.0016014834794335806
slayed_VERB	1829	36	93914	0.0003833294290521115	31	17491	0.0017723400606025957
slayed_VERB	1844	55	138288	0.00039772069883142427	43	25229	0.0017043878076816361
slayed_VERB	1859	50	117111	0.0004269453766085167	48	24140	0.001988400994200497
slayed_VERB	1874	90	153301	0.000587080319110769	71	32382	0.002192576122537212
slayed_VERB	1889	129	186282	0.0006924984700615196	95	43562	0.0021807997796244433
slayed_VERB	1904	100	167936	0.0005954649390243902	96	45246	0.002121734517968439
slayed_VERB	1919	146	112679	0.0012957161494155966	123	33217	0.0037029232019748924
slayed_VERB	1934	173	72355	0.002390988874300325	114	23548	0.004841175471377612
slayed_VERB	1949	245	105762	0.0023165220022314252	199	33828	0.005882700721295968
slayed_VERB	1964	588	168557	0.003488434179535706	516	59584	0.008660042964554244
slayed_VERB	1979	1311	161841	0.008100543125660371	1099	62881	0.0174774574195703
slayed_VERB	1994	4190	477834	0.008768735585998486	3535	164047	0.02154870250598914
slinked_VERB	1784	0	54	0.0	0	47	0.0
slinked_VERB	1799	10	467	0.021413276231263382	7	391	0.017902813299232736
slinked_VERB	1814	10	1307	0.0076511094108645756	10	1054	0.009487666034155597
slinked_VERB	1829	23	2303	0.00998697351280938	19	1806	0.010520487264673311
slinked_VERB	1844	29	3680	0.007880434782608695	26	2955	0.008798646362098138
slinked_VERB	1859	29	4719	0.006145369781733418	29	3599	0.008057793831619895
slinked_VERB	1874	46	6355	0.007238394964594807	44	4974	0.008845999195818254
slinked_VERB	1889	65	10094	0.0064394689914800875	64	7920	0.00808080808080808
slinked_VERB	1904	105	11978	0.008766071130405744	94	9074	0.010359268238924399
slinked_VERB	1919	104	10274	0.010122639672960872	97	7571	0.012812045964865936
slinked_VERB	1934	122	7602	0.016048408313601683	108	5633	0.019172732114326293
slinked_VERB	1949	135	8596	0.01570497906002792	131	6697	0.019560997461549948
slinked_VERB	1964	420	12143	0.034587828378489664	393	9868	0.039825699229833804
slinked_VERB	1979	1680	20083	0.08365284071104914	1495	16160	0.09251237623762376
slinked_VERB	1994	7794	70306	0.11085824822916963	6664	53544	0.12445838936202003
smelled_VERB	1769	101	322	0.3136645962732919	65	223	0.2914798206278027
smelled_VERB	1784	172	560	0.30714285714285716	130	432	0.30092592592592593
smelled_VERB	1799	543	1878	0.28913738019169327	375	1422	0.26371308016877637
smelled_VERB	1814	905	3510	0.25783475783475784	678	2763	0.24538545059717698
smelled_VERB	1829	1437	5651	0.25429127588037514	1116	4277	0.2609305588028992
smelled_VERB	1844	1971	9685	0.2035105833763552	1548	7218	0.2144638403990025
smelled_VERB	1859	2342	12774	0.18334116173477377	1789	8671	0.20631991696459462
smelled_VERB	1874	3679	18348	0.20051231741879225	2760	12720	0.2169811320754717
smelled_VERB	1889	9228	32229	0.28632597970771667	6364	21278	0.2990882601748285
smelled_VERB	1904	15847	43799	0.36181191351400716	10307	27429	0.3757701702577564
smelled_VERB	1919	20846	49325	0.42262544348707554	11830	28404	0.41649063512181383
smelled_VERB	1934	36342	61072	0.5950681163217186	16117	29054	0.5547256832105734
smelled_VERB	1949	53527	86615	0.6179876464815564	23891	42321	0.5645187968148201
smelled_VERB	1964	96223	143837	0.6689725175024507	44330	72351	0.6127074954043482
smelled_VERB	1979	266353	328092	0.811824122502225	95377	127415	0.7485539379193973
smelled_VERB	1994	800450	944172	0.8477798536707295	261352	336839	0.7758959027903538
sneaked_VERB	1784	86	86	1.0	76	76	1.0
sneaked_VERB	1799	254	256	0.9921875	224	226	0.9911504424778761
sneaked_VERB	1814	560	561	0.9982174688057041	484	485	0.9979381443298969
sneaked_VERB	1829	832	832	1.0	737	737	1.0
sneaked_VERB	1844	1419	1419	1.0	1185	1185	1.0
sneaked_VERB	1859	1651	1652	0.9993946731234867	1362	1363	0.9992663242846662
sneaked_VERB	1874	2370	2371	0.9995782370307887	1988	1989	0.9994972347913524
sneaked_VERB	1889	5165	5174	0.9982605334364129	4155	4163	0.9980783089118425
sneaked_VERB	1904	7883	7915	0.9959570435881239	5755	5782	0.9953303355240402
sneaked_VERB	1919	9151	9307	0.983238422692597	6501	6602	0.9847016055740685
sneaked_VERB	1934	12041	12361	0.9741121268505785	7887	8130	0.970110701107011
sneaked_VERB	1949	16244	16781	0.9679995232703653	11219	11634	0.9643286917655148
sneaked_VERB	1964	30210	32752	0.9223864191499755	20818	22848	0.9111519607843137
sneaked_VERB	1979	62179	78253	0.7945893448174511	41126	52411	0.7846826047967029
sneaked_VERB	1994	157425	248952	0.6323508146148655	103003	161790	0.6366462698559862
spelled_VERB	1769	109	369	0.2953929539295393	66	203	0.3251231527093596
spelled_VERB	1784	240	928	0.25862068965517243	154	530	0.29056603773584905
spelled_VERB	1799	905	2854	0.31709880868955853	501	1629	0.30755064456721914
spelled_VERB	1814	1343	4722	0.28441338415925455	957	2982	0.3209255533199195
spelled_VERB	1829	3035	8246	0.36805723987387823	1649	4573	0.36059479553903345
spelled_VERB	1844	6293	16114	0.3905299739357081	3040	8199	0.3707769240151238
spelled_VERB	1859	7134	18728	0.3809269542930372	3746	9555	0.39204604918890634
spelled_VERB	1874	13076	29246	0.44710387745332697	6697	15476	0.4327345567330059
spelled_VERB	1889	23203	42525	0.5456319811875368	12823	24463	0.5241793729305482
spelled_VERB	1904	40792	62280	0.6549775208734746	19769	32938	0.6001882324366993
spelled_VERB	1919	43445	63029	0.6892858842754922	20118	32069	0.6273348093174094
spelled_VERB	1934	50580	65082	0.7771734120033189	22942	32024	0.7164001998501124
spelled_VERB	1949	108626	133859	0.8114956782883482	47158	62143	0.7588626233043142
spelled_VERB	1964	253453	309512	0.8188793972446948	116827	149570	0.7810857792338036
spelled_VERB	1979	398158	477600	0.8336641541038526	183822	229103	0.8023552725193472
spelled_VERB	1994	731306	890919	0.8208445436678307	354078	440940	0.8030072118655599
spilled_VERB	1769	76	713	0.10659186535764376	68	500	0.136
spilled_VERB	1784	162	1258	0.1287758346581876	136	855	0.15906432748538013
spilled_VERB	1799	600	3703	0.16203078584931138	501	2563	0.19547405384315256
spilled_VERB	1814	1352	6565	0.20594059405940593	1092	4812	0.22693266832917705
spilled_VERB	1829	2425	9078	0.2671293236395682	1973	6680	0.29535928143712575
spilled_VERB	1844	4122	13218	0.3118474807081253	3212	9511	0.337714225633477
spilled_VERB	1859	4432	12186	0.36369604464139177	3519	9366	0.3757206918641896
spilled_VERB	1874	6264	16333	0.3835180309802241	4920	12769	0.3853081682199076
spilled_VERB	1889	11317	24341	0.46493570518877614	8889	19296	0.46066542288557216
spilled_VERB	1904	17769	31078	0.5717549391852758	13472	24191	0.556901326939771
spilled_VERB	1919	20811	32640	0.6375919117647059	14737	24046	0.6128670049072611
spilled_VERB	1934	28242	37622	0.7506777949072351	18231	25636	0.7111483850834763
spilled_VERB	1949	46470	59183	0.7851916935606509	30423	40466	0.7518163396431572
spilled_VERB	1964	98358	120425	0.8167573178326759	64031	81572	0.7849629774922767
spilled_VERB	1979	225606	251872	0.8957168720619998	127390	148121	0.8600401023487554
spilled_VERB	1994	566921	635726	0.8917694100917691	308777	362679	0.8513782159981692
spoiled_VERB	1769	1906	2055	0.9274939172749391	903	1006	0.8976143141153081
spoiled_VERB	1784	3107	3408	0.9116784037558685	1688	1895	0.8907651715039577
spoiled_VERB	1799	9850	10511	0.9371135001427077	4910	5405	0.9084181313598519
spoiled_VERB	1814	17659	19051	0.9269329693979319	8691	9688	0.8970891824938068
spoiled_VERB	1829	24065	26741	0.8999289480572903	12566	14464	0.8687776548672567
spoiled_VERB	1844	34049	39615	0.859497665025874	18110	21812	0.8302769117916743
spoiled_VERB	1859	36094	45278	0.7971641856972481	18953	24983	0.7586358723932274
spoiled_VERB	1874	50972	68342	0.7458371133417225	27288	37823	0.7214657747931154
spoiled_VERB	1889	76814	100815	0.7619302683132471	41311	55315	0.7468317816143903
spoiled_VERB	1904	93297	122584	0.7610862755335117	49565	66543	0.7448567091955578
spoiled_VERB	1919	79720	107924	0.738667951521441	42974	59111	0.7270051259494849
spoiled_VERB	1934	69137	87944	0.7861480032748113	36720	47814	0.7679759066382231
spoiled_VERB	1949	93081	120676	0.7713298418906825	52058	68571	0.759183911566114
spoiled_VERB	1964	145184	183589	0.7908099069116341	86833	111687	0.777467386535586
spoiled_VERB	1979	194897	234812	0.8300129465274347	116233	142374	0.8163920378720834
spoiled_VERB	1994	436471	524316	0.8324579070636792	264426	320773	0.8243399537991041
strewed_VERB	1769	690	735	0.9387755102040817	452	490	0.9224489795918367
strewed_VERB	1784	1734	1876	0.9243070362473348	1090	1214	0.8978583196046128
strewed_VERB	1799	5783	6329	0.9137304471480486	3418	3810	0.8971128608923884
strewed_VERB	1814	13480	14675	0.9185689948892675	6969	7900	0.8821518987341772
strewed_VERB	1829	22513	26950	0.8353617810760668	11121	13992	0.7948113207547169
strewed_VERB	1844	31561	46010	0.685959574005651	15627	23677	0.6600076023144824
strewed_VERB	1859	22580	45301	0.4984437429637315	12614	24370	0.5176036109971276
strewed_VERB	1874	21458	59175	0.36261934938741025	13396	32944	0.40662943176299177
strewed_VERB	1889	21286	77643	0.2741522094715557	14493	44902	0.3227695871007973
strewed_VERB	1904	14666	74194	0.19767097069843922	10990	46472	0.23648648648648649
strewed_VERB	1919	9361	55499	0.16866970576046414	7396	36545	0.20238062662470926
strewed_VERB	1934	6252	44982	0.13898892890489528	4840	28812	0.1679855615715674
strewed_VERB	1949	8138	61696	0.13190482365145229	6203	40677	0.15249403840007866
strewed_VERB	1964	14570	103025	0.141421984955108	10411	69665	0.149443766597287
strewed_VERB	1979	10369	137204	0.07557359843736335	7841	92833	0.08446349897127099
strewed_VERB	1994	42880	367106	0.11680550031870904	29496	238977	0.12342610376730816
stringed_VERB	1769	15	235	0.06382978723404255	13	193	0.06735751295336788
stringed_VERB	1784	23	507	0.045364891518737675	15	377	0.03978779840848806
stringed_VERB	1799	73	1638	0.04456654456654457	38	1254	0.030303030303030304
stringed_VERB	1814	93	3184	0.02920854271356784	88	2516	0.034976152623211444
stringed_VERB	1829	118	5353	0.0220437138053428	109	4166	0.02616418626980317
stringed_VERB	1844	166	9457	0.0175531352437348	153	7004	0.021844660194174758
stringed_VERB	1859	184	11162	0.016484500985486473	158	8062	0.01959811461175887
stringed_VERB	1874	303	17434	0.01737983251118504	250	12342	0.02025603629881705
stringed_VERB	1889	415	29908	0.013875886050555035	371	20461	0.018132056106739652
stringed_VERB	1904	482	39961	0.012061760216210806	395	26215	0.015067709326721343
stringed_VERB	1919	482	36331	0.013266907049076546	415	24195	0.017152304195081628
stringed_VERB	1934	574	39069	0.014691955258644961	421	24191	0.017403166466867844
stringed_VERB	1949	849	58539	0.01450315174499052	636	36824	0.017271344775146642
stringed_VERB	1964	1758	104240	0.016864927091327704	1361	67576	0.02014028649224577
stringed_VERB	1979	2176	149349	0.014569900032809058	1680	96762	0.017362187635642092
stringed_VERB	1994	3828	327694	0.011681629813179368	3143	213159	0.014744861816765889
strived_VERB	1769	7	1527	0.0045841519318926	7	789	0.008871989860583017
strived_VERB	1784	28	3160	0.008860759493670886	23	1505	0.015282392026578074
strived_VERB	1799	92	9473	0.009711812519793096	81	4516	0.017936226749335694
strived_VERB	1814	261	17399	0.015000862118512558	196	8349	0.023475865373098575
strived_VERB	1829	355	33269	0.01067059424689651	293	14732	0.0198886777083899
strived_VERB	1844	550	64335	0.008549001321209296	387	26869	0.014403215601622688
strived_VERB	1859	315	64669	0.004870958264392522	271	29968	0.009042979177789642
strived_VERB	1874	337	100716	0.003346042336868025	284	44787	0.006341125773103803
strived_VERB	1889	552	138057	0.003998348508224864	480	63957	0.00750504245039636
strived_VERB	1904	630	147777	0.004263180332528066	559	74246	0.0075290251326670795
strived_VERB	1919	620	116853	0.005305811575226994	535	60562	0.0088339222614841
strived_VERB	1934	925	93808	0.009860566263005287	817	49238	0.01659287542142248
strived_VERB	1949	2414	132837	0.018172647680992495	2080	72983	0.028499787621774932
strived_VERB	1964	8102	215045	0.037675835290288076	6822	126345	0.05399501365309272
strived_VERB	1979	18667	228169	0.08181216554396084	15396	143105	0.1075853394360784
strived_VERB	1994	45571	536672	0.08491406296583388	38059	319574	0.11909291744635045
swelled_VERB	1769	3185	3412	0.9334701055099648	1058	1167	0.9065981148243359
swelled_VERB	1784	5535	6071	0.9117114149234063	2218	2495	0.8889779559118236
swelled_VERB	1799	12744	14734	0.8649382380887742	5473	6730	0.813224368499257
swelled_VERB	1814	21618	28209	0.7663511645219611	9752	13253	0.7358333962121784
swelled_VERB	1829	29917	48183	0.6209036382126476	13616	21800	0.6245871559633027
swelled_VERB	1844	44867	86588	0.5181664895828522	20479	35410	0.5783394521321661
swelled_VERB	1859	38932	93665	0.4156515240484706	18665	35200	0.5302556818181818
swelled_VERB	1874	45900	138485	0.33144383868288985	23711	47951	0.4944839523680424
swelled_VERB	1889	60463	177943	0.33978858398475914	33777	67501	0.5003925867764922
swelled_VERB	1904	58032	196402	0.29547560615472346	34841	74377	0.46843782352071206
swelled_VERB	1919	48548	138963	0.3493591819405165	29386	63063	0.465978465978466
swelled_VERB	1934	46120	131654	0.3503121819314263	26473	58230	0.45462819852309805
swelled_VERB	1949	65106	199873	0.32573684289523847	38999	89047	0.4379597291318068
swelled_VERB	1964	110972	319364	0.3474781127490888	70385	159652	0.4408651316613635
swelled_VERB	1979	158310	469610	0.3371095164072315	97339	231045	0.42129888117033476
swelled_VERB	1994	387513	1058557	0.36607664962774794	231305	523958	0.441457139694403
telled_VERB	1769	3	52973	5.663262416702848e-05	3	3240	0.000925925925925926
telled_VERB	1784	3	100700	2.9791459781529296e-05	2	5717	0.00034983382893125764
telled_VERB	1799	12	283725	4.2294475284166006e-05	11	13975	0.0007871198568872987
telled_VERB	1814	61	541388	0.00011267335072074002	57	24633	0.0023139690658872244
telled_VERB	1829	82	826480	9.921595198915884e-05	63	36740	0.0017147523135547088
telled_VERB	1844	336	1288360	0.0002607966717377131	201	52602	0.0038211474848865064
telled_VERB	1859	554	1392917	0.0003977264977023039	288	56658	0.005083130361114053
telled_VERB	1874	571	2134734	0.0002674806322473901	360	84796	0.00424548327751309
telled_VERB	1889	1391	3080910	0.0004514899818560101	562	121848	0.00461230385398201
telled_VERB	1904	1120	3709822	0.0003019012772041354	466	158886	0.0029329204586936546
telled_VERB	1919	813	3432335	0.00023686499132514745	293	141290	0.002073749026824262
telled_VERB	1934	465	3238743	0.00014357421999831415	198	125194	0.001581545441474831
telled_VERB	1949	299	5081793	5.883750085845685e-05	173	201448	0.0008587824153131329
telled_VERB	1964	759	9177443	8.270277461815889e-05	349	411028	0.0008490905729050089
telled_VERB	1979	818	15249000	5.364286182700505e-05	471	595202	0.0007913279861290789
telled_VERB	1994	4894	38534728	0.00012700232372212411	1876	1330636	0.0014098521308607312
throwed_VERB	1769	20	31581	0.0006332921693423261	7	5066	0.0013817607579944729
throwed_VERB	1784	7	63829	0.00010966801923890395	7	9614	0.0007281048470979821
throwed_VERB	1799	3	178361	1.681982047644945e-05	3	24024	0.00012487512487512488
throwed_VERB	1814	49	343979	0.0001424505565746746	41	42969	0.0009541762666108125
throwed_VERB	1829	146	564371	0.00025869507823754234	94	64428	0.0014589929844167132
throwed_VERB	1844	241	881734	0.0002733250617533179	184	92896	0.0019807096107475027
throwed_VERB	1859	366	839506	0.0004359706779939631	273	98301	0.0027771843623157445
throwed_VERB	1874	738	1103752	0.0006686284600163805	506	144911	0.00349179841419906
throwed_VERB	1889	1552	1481255	0.0010477601763369574	970	209924	0.004620719879575465
throwed_VERB	1904	2329	1524535	0.0015276789316086543	1512	260783	0.005797923944428893
throwed_VERB	1919	3067	1186111	0.002585761366347669	1279	225261	0.005677858129014788
throwed_VERB	1934	2476	956678	0.0025881226494180905	1197	191907	0.00623739623880317
throwed_VERB	1949	3161	1324677	0.0023862420801448203	1314	290246	0.00452719417321858
throwed_VERB	1964	5161	2154839	0.0023950745276097194	2601	534146	0.004869455167688235
throwed_VERB	1979	8229	2830902	0.0029068473581918414	3992	714750	0.005585169639734173
throwed_VERB	1994	16030	7424474	0.002159075511612001	8951	1669177	0.005362522967905741
waked_VERB	1769	506	542	0.933579335793358	330	362	0.9116022099447514
waked_VERB	1784	957	1086	0.8812154696132597	607	701	0.8659058487874465
waked_VERB	1799	2573	3115	0.8260032102728732	1667	1978	0.8427704752275025
waked_VERB	1814	4456	5826	0.7648472365259184	2824	3763	0.7504650544778103
waked_VERB	1829	6241	10630	0.5871119473189087	4005	6654	0.6018935978358881
waked_VERB	1844	10000	22204	0.4503693028283192	6292	13139	0.47887967120785446
waked_VERB	1859	9914	30931	0.3205198668002974	6244	17252	0.36192905170415024
waked_VERB	1874	14639	50202	0.29160192821003145	8924	26427	0.33768494342906874
waked_VERB	1889	24991	86239	0.2897876830668259	14574	42786	0.34062543822745756
waked_VERB	1904	27520	103564	0.2657294040400139	16364	51367	0.31857028831740225
waked_VERB	1919	19731	102309	0.1928569334076181	11716	46132	0.2539668776554236
waked_VERB	1934	14633	98267	0.14891062106302216	8385	39570	0.21190295678544352
waked_VERB	1949	15476	143122	0.10813152415421808	9398	58786	0.15986799578130848
waked_VERB	1964	21253	247498	0.08587140098101803	13255	105414	0.12574231126795302
waked_VERB	1979	21400	523934	0.04084483923547622	12539	190353	0.0658723529442667
waked_VERB	1994	65627	1563727	0.041968323115224075	37405	540060	0.06926082287153279
weaved_VERB	1769	18	731	0.024623803009575923	17	529	0.03213610586011342
weaved_VERB	1784	35	1601	0.021861336664584636	32	1224	0.026143790849673203
weaved_VERB	1799	152	5130	0.02962962962962963	119	3478	0.03421506612995975
weaved_VERB	1814	245	9153	0.02676718015951054	207	6131	0.0337628445604306
weaved_VERB	1829	298	17079	0.01744832835646115	278	9971	0.02788085447798616
weaved_VERB	1844	399	32896	0.012129134241245136	370	18090	0.02045328911000553
weaved_VERB	1859	469	36892	0.012712783259243196	357	19873	0.017964071856287425
weaved_VERB	1874	484	61957	0.007811869522410704	433	32273	0.013416788027143432
weaved_VERB	1889	994	98649	0.0100761284959807	834	51761	0.01611251714611387
weaved_VERB	1904	1128	137465	0.008205725093660205	974	67909	0.01434272335036593
weaved_VERB	1919	1198	145438	0.008237186980018978	1039	64813	0.01603073457485381
weaved_VERB	1934	1752	145961	0.012003206335939052	1430	59631	0.023980815347721823
weaved_VERB	1949	3019	208025	0.014512678764571565	2461	89157	0.027602992473950448
weaved_VERB	1964	5677	343466	0.016528564690537054	4695	157573	0.02979571373268263
weaved_VERB	1979	15180	492192	0.03084162278135362	12100	227179	0.053261965234462694
weaved_VERB	1994	45579	1037834	0.043917428027989064	35364	530405	0.06667357962311818
worked_VERB	1769	4331	11189	0.38707659308249176	1322	3077	0.4296392590185245
worked_VERB	1784	8203	20317	0.4037505537234828	2637	5688	0.46360759493670883
worked_VERB	1799	26110	68623	0.3804846771490608	6981	15633	0.44655536365380927
worked_VERB	1814	51424	122024	0.42142529338490786	13434	29024	0.46285832414553474
worked_VERB	1829	104645	219589	0.476549371780918	23377	47378	0.4934146650344042
worked_VERB	1844	207639	366242	0.5669448069855451	38790	72978	0.5315300501521006
worked_VERB	1859	288569	439953	0.6559086993383384	45910	80421	0.5708707924547071
worked_VERB	1874	510679	709450	0.7198238071745718	74153	124366	0.5962481707219015
worked_VERB	1889	811219	1068254	0.7593877486066049	113497	184659	0.6146302102794882
worked_VERB	1904	1235745	1493904	0.8271917070976448	159284	243239	0.6548456456407072
worked_VERB	1919	1252535	1417875	0.8833888741955391	148153	211459	0.7006228157704331
worked_VERB	1934	1334712	1442337	0.9253815162475898	138136	183759	0.7517237250964579
worked_VERB	1949	2269982	2414047	0.9403222058228361	229295	292369	0.7842657737311411
worked_VERB	1964	4452159	4682411	0.9508261876200103	465814	575148	0.809902842398826
worked_VERB	1979	7134447	7352739	0.9703114716842254	674014	793385	0.8495421516665932
worked_VERB	1994	15821251	16434839	0.9626654085263628	1411491	1694692	0.8328893981915297
bended_VERB	1769	208	2705	0.07689463955637708	139	1317	0.10554290053151101
bended_VERB	1784	383	5284	0.07248296744890234	248	2634	0.09415337889141989
bended_VERB	1799	837	16563	0.050534323492120996	630	7453	0.08452971957600966
bended_VERB	1814	1184	35182	0.03365357284975271	981	14048	0.06983200455580865
bended_VERB	1829	1513	60317	0.025084138800006633	1223	21228	0.057612587149048426
bended_VERB	1844	2259	104953	0.021523920230960523	1751	33191	0.05275526498147088
bended_VERB	1859	1708	120571	0.014165927130072737	1410	35876	0.03930204036124429
bended_VERB	1874	2205	177042	0.012454671772799675	1750	53481	0.032721901235952956
bended_VERB	1889	2464	280847	0.008773460282645	2185	78880	0.02770030425963489
bended_VERB	1904	2447	338902	0.007220376391995326	2100	96518	0.021757599618723967
bended_VERB	1919	1771	270830	0.006539157405014215	1369	80513	0.01700346527889906
bended_VERB	1934	1148	239475	0.004793819814176845	973	69444	0.014011289672253903
bended_VERB	1949	1791	317558	0.0056399145982781096	1387	104672	0.013250917150718435
bended_VERB	1964	2826	498195	0.005672477644295908	2178	185754	0.011725184921993604
bended_VERB	1979	2718	835707	0.003252336046006555	2212	256656	0.008618539991272364
bended_VERB	1994	9045	2031331	0.004452745515132689	7130	591951	0.012044915879861678
bited_VERB	1769	98	975	0.10051282051282051	83	652	0.1273006134969325
bited_VERB	1784	217	2377	0.09129154396297855	201	1389	0.1447084233261339
bited_VERB	1799	420	6632	0.06332931242460796	383	3909	0.09797902276797135
bited_VERB	1814	643	11409	0.056359014812867037	618	6974	0.08861485517636937
bited_VERB	1829	523	16024	0.03263854218671992	502	9780	0.05132924335378323
bited_VERB	1844	538	26054	0.02064942043448223	507	15505	0.0326991293131248
bited_VERB	1859	336	33039	0.01016979932806683	314	18111	0.017337529678096184
bited_VERB	1874	252	48784	0.005165628074778616	245	27459	0.008922393386503514
bited_VERB	1889	179	75493	0.002371080762454797	163	43234	0.0037701808761622796
bited_VERB	1904	128	99431	0.0012873248785590008	123	54237	0.0022678245478179103
bited_VERB	1919	93	95506	0.0009737608108391096	90	51291	0.001754693805930865
bited_VERB	1934	81	87976	0.0009207056469946349	65	46569	0.001395778307457751
bited_VERB	1949	216	126219	0.0017113112922777078	170	68939	0.002465948157066392
bited_VERB	1964	562	234940	0.002392100110666553	523	124537	0.00419955515228406
bited_VERB	1979	562	538797	0.0010430644565578501	520	212300	0.0024493641073951955
bited_VERB	1994	704	1255730	0.000560630071751093	629	520598	0.0012082259248018625
blended_VERB	1769	2429	2438	0.9963084495488105	1153	1162	0.9922547332185886
blended_VERB	1784	4837	4853	0.996703070265815	2225	2236	0.9950805008944544
blended_VERB	1799	13825	13867	0.9969712266532055	6119	6155	0.9941510966693745
blended_VERB	1814	23612	23664	0.9978025693035835	10568	10613	0.995759917082823
blended_VERB	1829	39594	39869	0.9931024103940405	16235	16463	0.9861507623154954
blended_VERB	1844	57953	58585	0.9892122556968508	23164	23690	0.9777965386238919
blended_VERB	1859	49155	49879	0.9854848733936126	20547	21143	0.9718110012770184
blended_VERB	1874	56783	58136	0.976726985000688	27045	27989	0.9662724641823573
blended_VERB	1889	69801	71945	0.9701994579192439	34675	36325	0.9545767377838954
blended_VERB	1904	64011	65930	0.9708933717579251	36089	37641	0.9587683642836269
blended_VERB	1919	53750	55046	0.9764560549358718	29779	30845	0.965440103744529
blended_VERB	1934	51593	52269	0.9870669039009738	26854	27353	0.9817570284795086
blended_VERB	1949	85247	86034	0.9908524536811029	43616	44306	0.984426488511714
blended_VERB	1964	152357	153531	0.9923533358084036	80151	81142	0.9877868428187622
blended_VERB	1979	237816	238709	0.996259043437826	115264	116020	0.993483882089295
blended_VERB	1994	540143	544065	0.9927913025098104	273356	276250	0.9895239819004525
builded_VERB	1769	284	27392	0.010367990654205607	141	2670	0.052808988764044947
builded_VERB	1784	391	55555	0.0070380703807038075	204	4957	0.04115392374420012
builded_VERB	1799	1860	174527	0.010657376795567448	875	12983	0.0673958253100208
builded_VERB	1814	3209	283172	0.011332335117878886	1590	23330	0.06815259322760395
builded_VERB	1829	4800	427964	0.0112158966642054	2602	35434	0.07343229666422081
builded_VERB	1844	7283	611607	0.011907973584344195	3977	51805	0.07676865167454879
builded_VERB	1859	6890	612244	0.011253683172068653	4145	55339	0.07490196787076023
builded_VERB	1874	11184	1044105	0.010711566365451751	6745	84785	0.0795541664209471
builded_VERB	1889	18098	1469800	0.012313239896584569	11438	129465	0.08834820221681536
builded_VERB	1904	26978	2081244	0.01296243977159814	15004	175297	0.08559188120732243
builded_VERB	1919	19080	1830881	0.010421212520092786	11431	159486	0.07167400273378227
builded_VERB	1934	9524	1866581	0.005102377019802516	5940	145622	0.04079053989095054
builded_VERB	1949	9053	3023280	0.0029944298907147206	6015	236160	0.025470020325203253
builded_VERB	1964	13018	5366770	0.002425667580313671	8487	474553	0.017884198393014056
builded_VERB	1979	9103	7154713	0.0012723081974077787	5969	666345	0.008957822149186983
builded_VERB	1994	35079	14485553	0.002421654181928712	20680	1399723	0.014774351782459815
chided_VERB	1769	22	269	0.08178438661710037	15	191	0.07853403141361257
chided_VERB	1784	29	523	0.055449330783938815	27	356	0.07584269662921349
chided_VERB	1799	110	1725	0.06376811594202898	98	1137	0.08619173262972735
chided_VERB	1814	366	3040	0.12039473684210526	302	2107	0.14333175130517323
chided_VERB	1829	655	3149	0.20800254048904415	569	2479	0.22952803549818476
chided_VERB	1844	1072	4431	0.24193184382757843	888	3460	0.2566473988439306
chided_VERB	1859	1017	4223	0.24082405872602416	860	3174	0.27095148078134845
chided_VERB	1874	1578	5557	0.283966168796113	1378	4217	0.3267725871472611
chided_VERB	1889	2539	7637	0.3324603902055781	2206	5933	0.3718186414967133
chided_VERB	1904	4872	9244	0.5270445694504543	3968	7387	0.5371598754568837
chided_VERB	1919	5476	8896	0.6155575539568345	4471	6991	0.6395365469889859
chided_VERB	1934	7460	9405	0.7931951089845827	5681	7174	0.791887371062169
chided_VERB	1949	14709	17224	0.8539828146771946	11085	13088	0.8469590464547677
chided_VERB	1964	31996	35461	0.902287019542596	24474	27299	0.896516355910473
chided_VERB	1979	71794	74851	0.9591588622730491	46814	49161	0.9522589044161022
chided_VERB	1994	154614	165980	0.9315218701048319	101002	109484	0.9225274926016587
glided_VERB	1769	132	135	0.9777777777777777	109	112	0.9732142857142857
glided_VERB	1784	691	694	0.9956772334293948	484	487	0.9938398357289527
glided_VERB	1799	1915	1926	0.994288681204569	1302	1313	0.9916222391469917
glided_VERB	1814	6279	6299	0.9968248928401333	3540	3558	0.9949409780775716
glided_VERB	1829	12524	12562	0.996975003980258	6379	6417	0.9940782297023532
glided_VERB	1844	24285	24334	0.997986356538177	11080	11125	0.9959550561797753
glided_VERB	1859	25869	25910	0.9984175993824778	12278	12317	0.9968336445563043
glided_VERB	1874	30908	30956	0.9984494120687427	15797	15843	0.9970965094994635
glided_VERB	1889	44942	45022	0.9982230909333215	22076	22154	0.9964791911167283
glided_VERB	1904	37823	37884	0.9983898215605532	20363	20424	0.9970133176654916
glided_VERB	1919	29978	30041	0.9979028660830199	15465	15527	0.9960069556256843
glided_VERB	1934	19669	19722	0.9973126457762904	11121	11171	0.995524124966431
glided_VERB	1949	26462	26560	0.9963102409638555	15313	15394	0.9947382096920878
glided_VERB	1964	39272	39434	0.9958918699599331	24048	24171	0.994911257291796
glided_VERB	1979	69743	69919	0.9974828015274818	40443	40596	0.9962311557788944
glided_VERB	1994	229559	229942	0.9983343625783894	122366	122719	0.9971235098069574
lighted_VERB	1769	1790	3269	0.5475680636280208	942	1817	0.5184369840396258
lighted_VERB	1784	4076	6488	0.6282367447595562	2031	3527	0.5758434930535866
lighted_VERB	1799	13265	20642	0.6426218389690922	5718	9978	0.5730607336139507
lighted_VERB	1814	32313	43111	0.749530282294542	11990	18163	0.6601332379012278
lighted_VERB	1829	58841	75102	0.7834811323267024	19329	28206	0.6852797277175069
lighted_VERB	1844	99694	132130	0.754514493302051	30134	45894	0.6565999912842637
lighted_VERB	1859	106944	149971	0.7130978655873469	32249	51558	0.6254897397106172
lighted_VERB	1874	150872	219969	0.6858784646927522	46475	76387	0.6084150444447354
lighted_VERB	1889	227302	339539	0.6694429800405844	67175	110865	0.6059171063906553
lighted_VERB	1904	246337	400670	0.6148126887463499	78903	134491	0.5866786625127332
lighted_VERB	1919	181604	340209	0.5338012809772816	61760	113156	0.5457951854077556
lighted_VERB	1934	138181	294559	0.46911145135609505	48400	95071	0.5090932040264644
lighted_VERB	1949	161376	418297	0.3857928696595959	62178	142997	0.43482031091561363
lighted_VERB	1964	203656	651399	0.3126440169542784	89666	242344	0.36999471825174135
lighted_VERB	1979	199297	1060841	0.18786698477905736	89480	334948	0.2671459450422155
lighted_VERB	1994	524029	2697197	0.19428651299849437	201928	794594	0.2541272649931915
melted_VERB	1769	3510	3744	0.9375	1162	1361	0.8537839823659075
melted_VERB	1784	8049	8488	0.9482799245994344	2280	2652	0.8597285067873304
melted_VERB	1799	19316	19989	0.9663314823152734	6007	6510	0.9227342549923195
melted_VERB	1814	29065	29389	0.9889754670114669	10594	10849	0.9764955295418932
melted_VERB	1829	42805	43228	0.9902146756731748	15815	16137	0.9800458573464709
melted_VERB	1844	69212	69997	0.9887852336528709	24373	25037	0.9734792507089508
melted_VERB	1859	74258	75365	0.9853114841106615	25353	26258	0.9655343133521213
melted_VERB	1874	98791	100424	0.9837389468652912	35433	36650	0.9667939972714871
melted_VERB	1889	140133	143379	0.9773607013579394	50546	52890	0.9556816033276612
melted_VERB	1904	163096	168783	0.9663058483378065	58383	61959	0.9422844138866024
melted_VERB	1919	132862	139031	0.9556286008156454	49174	52491	0.9368082147415747
melted_VERB	1934	117806	123481	0.9540415124594067	41669	44927	0.9274823602733323
melted_VERB	1949	165470	175131	0.9448355802228047	62944	68309	0.9214598369175365
melted_VERB	1964	242154	257793	0.9393350478872584	104132	112858	0.9226815998865832
melted_VERB	1979	389088	414254	0.9392498322285361	148570	162017	0.9170025367708327
melted_VERB	1994	889418	931754	0.9545631142984092	366095	390532	0.9374263824731393
pleaded_VERB	1769	4087	4207	0.9714761112431661	1217	1273	0.9560094265514533
pleaded_VERB	1784	8914	9144	0.9748468941382327	2347	2473	0.9490497371613424
pleaded_VERB	1799	19588	19889	0.9848660063351602	6021	6269	0.9604402616047216
pleaded_VERB	1814	38769	39507	0.9813197661173969	11084	11554	0.9593214471178813
pleaded_VERB	1829	52852	53761	0.9830918323691895	15122	15730	0.961347743165925
pleaded_VERB	1844	72935	74075	0.9846101923725954	20888	21659	0.964402788679071
pleaded_VERB	1859	66465	67515	0.9844479004665629	21065	21827	0.9650891098181151
pleaded_VERB	1874	95623	97011	0.9856923441671563	30493	31500	0.968031746031746
pleaded_VERB	1889	117257	119482	0.9813779481428165	42288	43747	0.9666491416554278
pleaded_VERB	1904	139286	141834	0.982035337084197	49375	51205	0.9642613026071672
pleaded_VERB	1919	112626	115618	0.9741216765555536	41422	43577	0.9505473070656539
pleaded_VERB	1934	98738	102719	0.9612437815788705	37116	39712	0.9346293311845286
pleaded_VERB	1949	158573	163489	0.9699306987014417	59539	62823	0.9477261512503382
pleaded_VERB	1964	282895	291566	0.970260592798886	112102	117956	0.9503713249008104
pleaded_VERB	1979	389630	407656	0.9557813450556352	153952	164061	0.9383826747368357
pleaded_VERB	1994	893051	957345	0.9328413476855261	357650	389557	0.9180941428340397
slided_VERB	1769	2	426	0.004694835680751174	2	326	0.006134969325153374
slided_VERB	1784	9	894	0.010067114093959731	9	633	0.014218009478672985
slided_VERB	1799	111	1617	0.0686456400742115	102	1195	0.08535564853556485
slided_VERB	1814	358	2522	0.14195083267248215	316	2080	0.1519230769230769
slided_VERB	1829	467	5002	0.09336265493802479	404	3767	0.10724714627024157
slided_VERB	1844	636	8709	0.07302790217016879	562	5879	0.09559448885864943
slided_VERB	1859	412	10947	0.0376358819767973	377	7137	0.052823315118397086
slided_VERB	1874	600	17229	0.03482500435312554	510	11237	0.0453857791225416
slided_VERB	1889	613	33237	0.018443301140295455	485	19378	0.025028382702033232
slided_VERB	1904	328	52888	0.006201784903947965	301	26583	0.011323025994056352
slided_VERB	1919	233	56880	0.00409634317862166	213	25814	0.008251336484078407
slided_VERB	1934	180	69816	0.002578205568924029	158	26247	0.0060197355888292
slided_VERB	1949	331	100006	0.003309801411915285	270	38934	0.006934812760055479
slided_VERB	1964	864	164618	0.005248514743223706	686	65957	0.01040071561775096
slided_VERB	1979	1394	539031	0.002586122133977452	1071	128729	0.008319803618454273
slided_VERB	1994	2409	1621066	0.0014860591734081154	2072	331459	0.006251150217673981
speeded_VERB	1769	15	259	0.05791505791505792	12	156	0.07692307692307693
speeded_VERB	1784	25	393	0.06361323155216285	21	267	0.07865168539325842
speeded_VERB	1799	124	1864	0.06652360515021459	99	1110	0.0891891891891892
speeded_VERB	1814	309	3562	0.08674901740595171	241	2269	0.10621419127368885
speeded_VERB	1829	422	6663	0.06333483415878734	369	4075	0.0905521472392638
speeded_VERB	1844	792	14222	0.055688370130783295	684	8349	0.08192597915918073
speeded_VERB	1859	667	17517	0.038077296340697606	576	10030	0.057427716849451645
speeded_VERB	1874	990	28276	0.03501202433158863	823	15665	0.05253750398978615
speeded_VERB	1889	2142	48741	0.043946574752261956	1714	25433	0.0673927574411198
speeded_VERB	1904	5660	64135	0.08825134481952132	4247	33449	0.12696941612604262
speeded_VERB	1919	12555	59645	0.2104954313018694	9067	32946	0.27520791598373096
speeded_VERB	1934	26601	66130	0.4022531377589596	17452	37611	0.4640131876312781
speeded_VERB	1949	45086	95402	0.4725896731724702	29897	56963	0.5248494636869547
speeded_VERB	1964	75081	153597	0.48881814097931603	53167	97943	0.5428361393871945
speeded_VERB	1979	83155	223599	0.37189343422823895	61568	137044	0.4492571728787835
speeded_VERB	1994	107776	550118	0.1959143311071443	81140	302357	0.26835826522951345
spitted_VERB	1769	39	110	0.35454545454545455	33	82	0.4024390243902439
spitted_VERB	1784	86	212	0.4056603773584906	75	180	0.4166666666666667
spitted_VERB	1799	210	764	0.27486910994764396	185	546	0.33882783882783885
spitted_VERB	1814	410	1341	0.3057419835943326	364	1030	0.3533980582524272
spitted_VERB	1829	588	2166	0.27146814404432135	528	1786	0.2956326987681971
spitted_VERB	1844	824	4476	0.1840929401251117	737	3481	0.2117207698937087
spitted_VERB	1859	1048	6362	0.16472807293303993	911	4410	0.20657596371882087
spitted_VERB	1874	1463	9481	0.15430861723446893	1257	6527	0.1925846483836372
spitted_VERB	1889	2043	16978	0.12033219460478266	1851	11301	0.16379081497212636
spitted_VERB	1904	2018	24214	0.08334021640373337	1785	15664	0.1139555669050051
spitted_VERB	1919	1519	31857	0.047681828169633046	1345	17757	0.07574477670777721
spitted_VERB	1934	1120	38053	0.029432633432318084	982	18022	0.05448895794029519
spitted_VERB	1949	1756	51994	0.033773127668577145	1491	25761	0.05787818795854198
spitted_VERB	1964	2392	81742	0.029262802476083285	2053	44435	0.04620231799257342
spitted_VERB	1979	3068	164369	0.018665320102939118	2512	75200	0.03340425531914894
spitted_VERB	1994	8134	412935	0.019698015426156658	6890	189754	0.036310170009591365
threaded_VERB	1784	65	72	0.9027777777777778	55	62	0.8870967741935484
threaded_VERB	1799	155	193	0.8031088082901554	128	162	0.7901234567901234
threaded_VERB	1814	550	641	0.858034321372855	478	561	0.8520499108734403
threaded_VERB	1829	2530	2640	0.9583333333333334	1956	2051	0.9536811311555339
threaded_VERB	1844	5818	5933	0.9806168885892466	4174	4285	0.974095682613769
threaded_VERB	1859	6944	7110	0.9766526019690577	4998	5149	0.9706739172654885
threaded_VERB	1874	10825	10986	0.98534498452576	7496	7652	0.9796131730266597
threaded_VERB	1889	20685	20984	0.9857510484178421	12411	12698	0.9773980154355016
threaded_VERB	1904	33235	33522	0.9914384583258755	17125	17393	0.984591502328523
threaded_VERB	1919	26929	27075	0.9946075715604802	14623	14764	0.9904497426171769
threaded_VERB	1934	27468	27564	0.9965171963430561	13851	13939	0.9936867781045986
threaded_VERB	1949	42303	42401	0.9976887337562793	20713	20801	0.9957694341618192
threaded_VERB	1964	65021	65247	0.9965362392140635	34321	34527	0.9940336548208648
threaded_VERB	1979	104995	105142	0.9986018907762835	54983	55119	0.9975326112592754
threaded_VERB	1994	226820	227337	0.9977258431315624	126273	126752	0.9962209669275436
treaded_VERB	1769	5	1671	0.002992220227408737	5	1032	0.0048449612403100775
treaded_VERB	1784	5	3267	0.0015304560759106215	3	2073	0.001447178002894356
treaded_VERB	1799	11	10481	0.001049518175746589	11	6413	0.0017152658662092624
treaded_VERB	1814	13	20294	0.0006405834236720213	13	12469	0.00104258561231855
treaded_VERB	1829	19	34153	0.0005563200890112142	19	20215	0.0009398961167449913
treaded_VERB	1844	51	56429	0.000903790604121994	51	32241	0.0015818367916627897
treaded_VERB	1859	117	53909	0.0021703240646274275	76	31649	0.0024013396947770863
treaded_VERB	1874	49	67621	0.0007246269649960811	49	40953	0.0011964935413767
treaded_VERB	1889	126	83649	0.0015062941577305168	125	53193	0.002349933261895362
treaded_VERB	1904	166	81920	0.0020263671875	156	54632	0.002855469322009079
treaded_VERB	1919	248	61956	0.004002840725676286	244	42517	0.005738880918220947
treaded_VERB	1934	318	44260	0.007184816990510619	293	30168	0.009712277910368602
treaded_VERB	1949	669	59355	0.011271165024008087	578	41927	0.013785865909795598
treaded_VERB	1964	1606	89503	0.017943532619018356	1434	65441	0.02191286807964426
treaded_VERB	1979	3918	95898	0.040855909403741474	3394	71504	0.04746587603490714
treaded_VERB	1994	11656	268048	0.043484749000179075	10158	188474	0.05389602809936649
sitted_VERB	1769	911	5611	0.1623596506861522	274	1744	0.15711009174311927
sitted_VERB	1784	2760	14509	0.19022675580674064	704	3697	0.19042466865025698
sitted_VERB	1799	2966	62302	0.0476068184006934	772	10816	0.07137573964497042
sitted_VERB	1814	237	142299	0.0016655071363818439	48	19455	0.002467232074016962
sitted_VERB	1829	11	237449	4.6325737316223695e-05	6	29107	0.00020613598103548975
sitted_VERB	1844	20	416526	4.801621027258803e-05	8	41979	0.00019057147621429763
sitted_VERB	1859	41	485131	8.451325518262077e-05	15	44679	0.00033572819445377023
sitted_VERB	1874	23	706581	3.255111586640456e-05	16	65331	0.0002449067058517396
sitted_VERB	1889	4	1131098	3.536386767547993e-06	3	93852	3.196522183863956e-05
sitted_VERB	1904	15	1364469	1.0993287498653322e-05	11	113186	9.718516424292757e-05
sitted_VERB	1919	5	1287431	3.883703281962296e-06	5	99423	5.029017430574414e-05
sitted_VERB	1934	25	1198846	2.0853387340826095e-05	20	85273	0.00023454082769458094
sitted_VERB	1949	53	1573882	3.36746973407155e-05	40	134509	0.0002973778706257574
sitted_VERB	1964	348	2410303	0.00014438018788509162	166	262113	0.0006333146391060344
sitted_VERB	1979	415	4703297	8.823597574212303e-05	212	383302	0.0005530886872492187
sitted_VERB	1994	435	13127745	3.31359270004102e-05	313	922870	0.0003391593615568823
betted_VERB	1799	60	188	0.3191489361702128	57	183	0.3114754098360656
betted_VERB	1814	113	247	0.4574898785425101	109	243	0.448559670781893
betted_VERB	1829	173	366	0.4726775956284153	156	343	0.45481049562682213
betted_VERB	1844	237	557	0.4254937163375224	213	517	0.4119922630560928
betted_VERB	1859	290	712	0.40730337078651685	270	682	0.39589442815249265
betted_VERB	1874	289	884	0.3269230769230769	276	858	0.32167832167832167
betted_VERB	1889	355	1434	0.24755927475592748	330	1334	0.24737631184407796
betted_VERB	1904	302	1463	0.20642515379357484	292	1399	0.2087205146533238
betted_VERB	1919	307	1815	0.16914600550964187	283	1695	0.16696165191740414
betted_VERB	1934	205	2176	0.09420955882352941	198	1935	0.10232558139534884
betted_VERB	1949	248	3166	0.07833228048010107	242	2868	0.08437935843793584
betted_VERB	1964	256	5545	0.04616771866546438	243	4842	0.05018587360594796
betted_VERB	1979	246	12585	0.019547079856972585	240	10797	0.02222839677688247
betted_VERB	1994	845	34240	0.02467873831775701	811	28780	0.028179291174426684
fitted_VERB	1769	232	238	0.9747899159663865	206	212	0.9716981132075472
fitted_VERB	1784	416	435	0.9563218390804598	374	392	0.9540816326530612
fitted_VERB	1799	1348	1372	0.9825072886297376	1180	1202	0.9816971713810316
fitted_VERB	1814	2610	2644	0.9871406959152799	2345	2375	0.9873684210526316
fitted_VERB	1829	3827	3939	0.9715663874079715	3514	3609	0.9736769188140759
fitted_VERB	1844	6467	6598	0.9801454986359502	5738	5860	0.9791808873720137
fitted_VERB	1859	5985	6125	0.9771428571428571	5539	5676	0.9758632840028189
fitted_VERB	1874	8225	8382	0.9812693867811978	7499	7650	0.9802614379084967
fitted_VERB	1889	12023	12291	0.9781954275486128	11061	11315	0.9775519222271322
fitted_VERB	1904	14752	15091	0.9775362799019283	13588	13923	0.9759390935861524
fitted_VERB	1919	12514	12795	0.9780382962094568	11798	12068	0.9776267815710972
fitted_VERB	1934	11854	12178	0.9733946460831007	11049	11365	0.9721953365596129
fitted_VERB	1949	16434	17294	0.9502717705562623	15433	16273	0.9483807533951945
fitted_VERB	1964	25705	29298	0.8773636425694586	24044	27456	0.8757284382284383
fitted_VERB	1979	28670	42802	0.669828512686323	26834	40285	0.6661040089363287
fitted_VERB	1994	55449	97622	0.5679969678965807	51705	91476	0.5652302243211335
knitted_VERB	1799	7	64	0.109375	7	64	0.109375
knitted_VERB	1814	26	156	0.16666666666666666	26	156	0.16666666666666666
knitted_VERB	1829	39	272	0.14338235294117646	39	260	0.15
knitted_VERB	1844	103	612	0.16830065359477125	102	598	0.1705685618729097
knitted_VERB	1859	245	848	0.28891509433962265	229	800	0.28625
knitted_VERB	1874	350	1091	0.3208065994500458	346	1052	0.3288973384030418
knitted_VERB	1889	744	1918	0.38790406673618355	727	1840	0.39510869565217394
knitted_VERB	1904	1055	2425	0.4350515463917526	989	2317	0.42684505826499786
knitted_VERB	1919	1199	2132	0.5623827392120075	1152	2050	0.5619512195121952
knitted_VERB	1934	1209	2021	0.5982187036120732	1137	1922	0.5915712799167534
knitted_VERB	1949	1577	2581	0.6110034870205346	1475	2434	0.6059983566146261
knitted_VERB	1964	2357	3743	0.6297087897408495	2182	3505	0.6225392296718973
knitted_VERB	1979	4609	6566	0.7019494364910143	4199	5990	0.7010016694490818
knitted_VERB	1994	10992	16161	0.6801559309448673	10142	14944	0.6786670235546038
patted_VERB	1784	80	85	0.9411764705882353	73	78	0.9358974358974359
patted_VERB	1799	60	84	0.7142857142857143	53	77	0.6883116883116883
patted_VERB	1814	46	96	0.4791666666666667	46	96	0.4791666666666667
patted_VERB	1829	126	160	0.7875	124	158	0.7848101265822784
patted_VERB	1844	265	328	0.8079268292682927	263	326	0.8067484662576687
patted_VERB	1859	449	529	0.8487712665406427	437	517	0.8452611218568665
patted_VERB	1874	834	927	0.8996763754045307	803	895	0.8972067039106145
patted_VERB	1889	2037	2146	0.9492078285181733	1951	2057	0.9484686436558094
patted_VERB	1904	3770	3854	0.9782044628956927	3417	3501	0.976006855184233
patted_VERB	1919	4674	4735	0.987117212249208	4040	4100	0.9853658536585366
patted_VERB	1934	5820	5858	0.9935131444178901	4697	4734	0.992184199408534
patted_VERB	1949	7813	7873	0.9923790168931792	6269	6328	0.9906763590391909
patted_VERB	1964	11622	11788	0.9859178825924669	9387	9533	0.9846847791880835
patted_VERB	1979	44576	44748	0.9961562527934209	32934	33097	0.9950750823337463
patted_VERB	1994	126833	127598	0.9940046082226994	92257	92984	0.9921814505721415
quitted_VERB	1769	1016	1028	0.9883268482490273	750	761	0.985545335085414
quitted_VERB	1784	3079	3105	0.9916264090177134	1916	1942	0.9866117404737385
quitted_VERB	1799	6897	6951	0.9922313336210618	4754	4802	0.9900041649312786
quitted_VERB	1814	14076	14199	0.9913374181280372	9289	9407	0.9874561496757733
quitted_VERB	1829	18848	19097	0.9869613028224329	12135	12373	0.9807645680109917
quitted_VERB	1844	24278	24870	0.9761962203457981	15279	15835	0.9648879065361541
quitted_VERB	1859	17809	18359	0.9700419412822049	11820	12303	0.9607412826139966
quitted_VERB	1874	18279	19332	0.9455307262569832	12752	13681	0.9320956070462686
quitted_VERB	1889	22213	24223	0.9170210130867358	16150	17935	0.9004739336492891
quitted_VERB	1904	15194	19660	0.7728382502543235	11429	15338	0.745142782631373
quitted_VERB	1919	8215	13726	0.5984991986011948	6303	11047	0.5705621435683896
quitted_VERB	1934	4218	11450	0.3683842794759825	3368	9447	0.3565152958611199
quitted_VERB	1949	6042	17417	0.34690245162772004	4791	14359	0.33365833275297724
quitted_VERB	1964	9943	33477	0.29700988738536904	7668	27688	0.27694308003467205
quitted_VERB	1979	5983	52601	0.11374308473222942	4461	43830	0.10177960301163587
quitted_VERB	1994	34175	144000	0.23732638888888888	23676	117529	0.20144815322175805
thrusted_VERB	1769	0	78	0.0	0	72	0.0
thrusted_VERB	1784	2	100	0.02	2	99	0.020202020202020204
thrusted_VERB	1799	6	438	0.0136986301369863	6	416	0.014423076923076924
thrusted_VERB	1814	4	1189	0.00336417157275021	4	1134	0.003527336860670194
thrusted_VERB	1829	7	2181	0.0032095369096744614	7	2073	0.003376748673420164
thrusted_VERB	1844	6	3315	0.0018099547511312218	6	3132	0.0019157088122605363
thrusted_VERB	1859	7	4498	0.0015562472209871053	7	4168	0.0016794625719769674
thrusted_VERB	1874	2	7242	0.00027616680475006904	2	6483	0.00030849915162733303
thrusted_VERB	1889	2	12881	0.00015526744817948918	2	11497	0.00017395842393667913
thrusted_VERB	1904	8	17962	0.0004453847010355194	8	15537	0.0005148999163287636
thrusted_VERB	1919	6	16791	0.00035733428622476324	6	14371	0.0004175074803423561
thrusted_VERB	1934	9	14180	0.0006346967559943583	9	11731	0.0007671980223339868
thrusted_VERB	1949	6	17519	0.0003424853016724699	6	14874	0.0004033884630899556
thrusted_VERB	1964	37	25859	0.0014308364592598322	34	22944	0.0014818688981868898
thrusted_VERB	1979	55	44804	0.0012275689670565128	54	37642	0.0014345677700440998
thrusted_VERB	1994	191	106026	0.0018014449286024182	179	87769	0.0020394444507741915
wedded_VERB	1784	56	57	0.9824561403508771	47	48	0.9791666666666666
wedded_VERB	1799	132	138	0.9565217391304348	122	127	0.9606299212598425
wedded_VERB	1814	247	266	0.9285714285714286	230	249	0.9236947791164659
wedded_VERB	1829	768	801	0.9588014981273408	550	582	0.9450171821305842
wedded_VERB	1844	1093	1199	0.9115929941618015	992	1098	0.9034608378870674
wedded_VERB	1859	1143	1262	0.9057052297939778	1051	1168	0.8998287671232876
wedded_VERB	1874	1892	2104	0.8992395437262357	1733	1934	0.8960703205791106
wedded_VERB	1889	3199	3540	0.9036723163841808	2755	3086	0.8927414128321451
wedded_VERB	1904	3581	4048	0.8846343873517787	2645	3089	0.8562641631595985
wedded_VERB	1919	2132	2627	0.8115721355157974	1628	2067	0.787614900822448
wedded_VERB	1934	1117	1601	0.6976889444097439	934	1370	0.6817518248175183
wedded_VERB	1949	1292	1895	0.6817941952506597	1165	1737	0.6706966033390904
wedded_VERB	1964	2121	3545	0.5983074753173484	1964	3153	0.6228988265144307
wedded_VERB	1979	1982	6080	0.32598684210526313	1852	4943	0.3746712522759458
wedded_VERB	1994	6036	15665	0.38531758697733803	5577	13601	0.4100433791632968
wetted_VERB	1799	45	56	0.8035714285714286	45	55	0.8181818181818182
wetted_VERB	1814	75	88	0.8522727272727273	74	87	0.8505747126436781
wetted_VERB	1829	117	149	0.785234899328859	107	139	0.7697841726618705
wetted_VERB	1844	216	259	0.833976833976834	213	254	0.8385826771653543
wetted_VERB	1859	169	235	0.7191489361702128	168	231	0.7272727272727273
wetted_VERB	1874	254	312	0.8141025641025641	245	303	0.8085808580858086
wetted_VERB	1889	386	483	0.7991718426501035	384	479	0.8016701461377871
wetted_VERB	1904	327	574	0.5696864111498258	323	559	0.5778175313059034
wetted_VERB	1919	404	716	0.5642458100558659	396	678	0.584070796460177
wetted_VERB	1934	415	1163	0.35683576956147894	372	989	0.37613751263902934
wetted_VERB	1949	510	1497	0.3406813627254509	495	1390	0.35611510791366907
wetted_VERB	1964	624	1993	0.31309583542398395	601	1836	0.3273420479302832
wetted_VERB	1979	914	5089	0.1796030654352525	853	4437	0.19224701374802794
wetted_VERB	1994	2253	12401	0.1816788968631562	2190	10800	0.20277777777777778
