awoke_VERB	1769	221	605	0.3652892561983471
awoke_VERB	1777	290	625	0.464
awoke_VERB	1785	601	1198	0.501669449081803
awoke_VERB	1793	1254	1972	0.6359026369168357
awoke_VERB	1801	2402	4010	0.599002493765586
awoke_VERB	1809	4026	6234	0.6458132820019249
awoke_VERB	1817	6932	9851	0.7036849050857781
awoke_VERB	1825	11019	13746	0.8016150152771715
awoke_VERB	1833	16111	18791	0.8573785322760896
awoke_VERB	1841	20425	23143	0.8825562805167869
awoke_VERB	1849	30978	34603	0.8952402970840678
awoke_VERB	1857	28441	31301	0.908629117280598
awoke_VERB	1865	30969	33549	0.923097558794599
awoke_VERB	1873	35501	38176	0.9299297988264879
awoke_VERB	1881	45831	49289	0.9298423583355313
awoke_VERB	1889	49653	53142	0.9343457152534719
awoke_VERB	1897	75070	79915	0.9393730839016455
awoke_VERB	1905	70702	75086	0.9416136163865434
awoke_VERB	1913	57831	60241	0.9599940240035856
awoke_VERB	1921	51382	53933	0.9527005729330836
awoke_VERB	1929	43045	44898	0.9587286738830237
awoke_VERB	1937	33936	35219	0.9635707998523524
awoke_VERB	1945	39770	41425	0.96004828002414
awoke_VERB	1953	47036	48550	0.9688156539649846
awoke_VERB	1961	68061	70800	0.9613135593220339
awoke_VERB	1969	78429	81103	0.9670295796702958
awoke_VERB	1977	93876	95900	0.9788946819603754
awoke_VERB	1985	137529	139797	0.9837764758900406
awoke_VERB	1993	203249	206688	0.9833613949527791
awoke_VERB	2001	525091	539028	0.974144200301283
blew_VERB	1769	1124	1162	0.9672977624784854
blew_VERB	1777	1290	1327	0.9721175584024114
blew_VERB	1785	2017	2080	0.9697115384615385
blew_VERB	1793	2670	2761	0.9670409272002898
blew_VERB	1801	5658	5714	0.9901995099754988
blew_VERB	1809	9677	9822	0.9852372225615964
blew_VERB	1817	12081	12264	0.985078277886497
blew_VERB	1825	14400	14606	0.9858962070382035
blew_VERB	1833	18806	19145	0.9822930268999739
blew_VERB	1841	22060	22401	0.984777465291728
blew_VERB	1849	28978	29597	0.9790857181471095
blew_VERB	1857	27099	27750	0.9765405405405405
blew_VERB	1865	26876	27575	0.9746509519492293
blew_VERB	1873	31331	32238	0.9718655003412122
blew_VERB	1881	39776	40863	0.9733989183368817
blew_VERB	1889	48225	49626	0.9717688308547938
blew_VERB	1897	77628	80032	0.9699620151939224
blew_VERB	1905	78476	80775	0.971538223460229
blew_VERB	1913	72228	74297	0.972152307630187
blew_VERB	1921	71215	72973	0.9759088978115193
blew_VERB	1929	72954	74800	0.9753208556149733
blew_VERB	1937	72727	74124	0.9811532027413523
blew_VERB	1945	85301	86946	0.9810802107054953
blew_VERB	1953	101431	103032	0.9844611382871341
blew_VERB	1961	139917	142315	0.983150054456663
blew_VERB	1969	165922	168634	0.9839178338887768
blew_VERB	1977	206333	209561	0.9845963705078712
blew_VERB	1985	321361	325381	0.987645252795953
blew_VERB	1993	475450	480614	0.9892554107870349
blew_VERB	2001	1000672	1013067	0.9877648763605961
burnt_VERB	1769	3768	5496	0.6855895196506551
burnt_VERB	1777	4173	6106	0.683426138224697
burnt_VERB	1785	5820	10016	0.5810702875399361
burnt_VERB	1793	8091	12938	0.6253671355696399
burnt_VERB	1801	19626	30775	0.6377254264825345
burnt_VERB	1809	28734	42780	0.6716690042075736
burnt_VERB	1817	36415	54849	0.66391365384966
burnt_VERB	1825	45785	75983	0.6025689956964058
burnt_VERB	1833	49935	87332	0.5717835386799799
burnt_VERB	1841	55602	110446	0.503431541205657
burnt_VERB	1849	71176	153767	0.4628821528676504
burnt_VERB	1857	61057	137074	0.44543093511533915
burnt_VERB	1865	64077	152206	0.4209886601053835
burnt_VERB	1873	76248	182808	0.417093343836156
burnt_VERB	1881	77904	224778	0.3465819608680565
burnt_VERB	1889	79044	237666	0.3325843831258994
burnt_VERB	1897	101289	355315	0.28506817893981395
burnt_VERB	1905	106102	375190	0.2827953836722727
burnt_VERB	1913	69782	301639	0.23134276403250242
burnt_VERB	1921	71174	274508	0.25927841811531904
burnt_VERB	1929	61145	250212	0.24437277188943776
burnt_VERB	1937	41179	226849	0.18152603714365062
burnt_VERB	1945	58930	270994	0.2174586891222684
burnt_VERB	1953	71687	315252	0.22739586108890666
burnt_VERB	1961	121854	477536	0.2551723849092006
burnt_VERB	1969	135665	571758	0.23727695983265648
burnt_VERB	1977	120886	610715	0.19794175679326692
burnt_VERB	1985	145642	838687	0.17365477228095821
burnt_VERB	1993	190257	1213551	0.15677709465856812
burnt_VERB	2001	427100	2333243	0.18304994379068104
caught_VERB	1769	2954	3328	0.8876201923076923
caught_VERB	1777	3014	3383	0.8909252143068283
caught_VERB	1785	6311	6829	0.9241470200615024
caught_VERB	1793	10214	10653	0.9587909509058481
caught_VERB	1801	21310	22077	0.9652579607736559
caught_VERB	1809	27366	28609	0.9565521339438638
caught_VERB	1817	41380	42819	0.9663934234802307
caught_VERB	1825	58436	59540	0.981457843466577
caught_VERB	1833	75495	76427	0.9878053567456527
caught_VERB	1841	86475	87503	0.9882518313657818
caught_VERB	1849	128773	129956	0.9908969189571855
caught_VERB	1857	133342	134361	0.9924159540342807
caught_VERB	1865	157319	158235	0.9942111416563971
caught_VERB	1873	193033	193895	0.9955542948503056
caught_VERB	1881	256454	257648	0.9953657703533503
caught_VERB	1889	289650	291023	0.9952821598292918
caught_VERB	1897	469507	471758	0.995228485791444
caught_VERB	1905	493327	495294	0.9960286213844707
caught_VERB	1913	446446	447457	0.9977405650151858
caught_VERB	1921	430058	431338	0.9970324896021218
caught_VERB	1929	410520	411766	0.9969740095102558
caught_VERB	1937	380602	381268	0.9982531972260982
caught_VERB	1945	469632	470526	0.9980999987248313
caught_VERB	1953	591966	592894	0.9984347961018327
caught_VERB	1961	883125	885040	0.99783625598843
caught_VERB	1969	1123181	1125272	0.9981417826090048
caught_VERB	1977	1401843	1403812	0.9985973905337752
caught_VERB	1985	2149539	2151775	0.9989608578963879
caught_VERB	1993	3130769	3133677	0.9990720166756178
caught_VERB	2001	6101571	6109375	0.9987226189258313
clove_VERB	1769	24	55	0.43636363636363634
clove_VERB	1785	12	54	0.2222222222222222
clove_VERB	1793	20	101	0.19801980198019803
clove_VERB	1801	76	252	0.30158730158730157
clove_VERB	1809	91	392	0.23214285714285715
clove_VERB	1817	166	621	0.2673107890499195
clove_VERB	1825	274	778	0.35218508997429304
clove_VERB	1833	288	875	0.3291428571428571
clove_VERB	1841	456	1209	0.3771712158808933
clove_VERB	1849	711	1665	0.42702702702702705
clove_VERB	1857	520	1291	0.4027885360185902
clove_VERB	1865	643	1377	0.46695715323166304
clove_VERB	1873	686	1565	0.4383386581469649
clove_VERB	1881	894	1932	0.46273291925465837
clove_VERB	1889	1048	1982	0.5287588294651867
clove_VERB	1897	1643	2915	0.5636363636363636
clove_VERB	1905	1585	3043	0.5208675649030562
clove_VERB	1913	1109	2176	0.5096507352941176
clove_VERB	1921	1194	2207	0.5410058903488899
clove_VERB	1929	1035	2023	0.5116164112703905
clove_VERB	1937	643	1927	0.3336792942397509
clove_VERB	1945	686	2590	0.2648648648648649
clove_VERB	1953	704	4223	0.16670613308074828
clove_VERB	1961	1159	8557	0.1354446651863971
clove_VERB	1969	1256	16336	0.07688540646425074
clove_VERB	1977	1491	32330	0.046118156510980515
clove_VERB	1985	1946	47256	0.04117995598442526
clove_VERB	1993	3080	57028	0.05400855719997194
clove_VERB	2001	7235	80301	0.09009850437728048
crept_VERB	1769	839	843	0.9952550415183867
crept_VERB	1777	743	773	0.9611901681759379
crept_VERB	1785	1242	1365	0.9098901098901099
crept_VERB	1793	1825	1866	0.9780278670953912
crept_VERB	1801	3805	3880	0.9806701030927835
crept_VERB	1809	5512	5601	0.9841099803606499
crept_VERB	1817	8810	8925	0.9871148459383754
crept_VERB	1825	11614	11732	0.9899420388680532
crept_VERB	1833	15134	15243	0.9928491766712589
crept_VERB	1841	18239	18345	0.9942218588171163
crept_VERB	1849	27361	27478	0.9957420481840017
crept_VERB	1857	25961	26025	0.9975408261287224
crept_VERB	1865	31512	31569	0.9981944312458424
crept_VERB	1873	36988	37036	0.9987039637109839
crept_VERB	1881	45979	46031	0.9988703265190849
crept_VERB	1889	50611	50658	0.9990722097200837
crept_VERB	1897	82197	82278	0.9990155327061913
crept_VERB	1905	85439	85502	0.9992631751304063
crept_VERB	1913	77049	77119	0.9990923118816375
crept_VERB	1921	70823	70877	0.9992381167374466
crept_VERB	1929	64026	64101	0.9988299714513034
crept_VERB	1937	50944	50979	0.9993134427901685
crept_VERB	1945	58068	58107	0.9993288244101399
crept_VERB	1953	64996	65088	0.9985865290068829
crept_VERB	1961	90522	90702	0.9980154792617583
crept_VERB	1969	99389	99655	0.9973307912297427
crept_VERB	1977	116936	117330	0.9966419500553994
crept_VERB	1985	173262	174060	0.9954153740089624
crept_VERB	1993	244899	246401	0.9939042455184841
crept_VERB	2001	599493	605453	0.9901561310291633
dove_VERB	1769	7	70	0.1
dove_VERB	1777	8	64	0.125
dove_VERB	1785	9	140	0.06428571428571428
dove_VERB	1793	43	252	0.17063492063492064
dove_VERB	1801	53	402	0.1318407960199005
dove_VERB	1809	60	517	0.11605415860735009
dove_VERB	1817	118	957	0.12330198537095088
dove_VERB	1825	122	1098	0.1111111111111111
dove_VERB	1833	136	1756	0.0774487471526196
dove_VERB	1841	285	2439	0.11685116851168512
dove_VERB	1849	304	3438	0.08842350203606748
dove_VERB	1857	298	2944	0.10122282608695653
dove_VERB	1865	330	3841	0.08591512626920073
dove_VERB	1873	409	4585	0.08920392584514722
dove_VERB	1881	432	5144	0.08398133748055987
dove_VERB	1889	650	6742	0.09641056066449125
dove_VERB	1897	1071	10557	0.10144927536231885
dove_VERB	1905	1420	12265	0.11577660008153282
dove_VERB	1913	1886	16255	0.11602583820362965
dove_VERB	1921	1514	14236	0.10635009834223097
dove_VERB	1929	1654	14683	0.1126472791663829
dove_VERB	1937	2588	18776	0.1378355347251811
dove_VERB	1945	2483	18454	0.13455077489975073
dove_VERB	1953	3138	25574	0.12270274497536561
dove_VERB	1961	5071	33942	0.14940192092392907
dove_VERB	1969	7012	36508	0.19206749205653556
dove_VERB	1977	11392	49098	0.23202574442950832
dove_VERB	1985	22600	76819	0.29419804996159804
dove_VERB	1993	38553	106701	0.3613180757443698
dove_VERB	2001	84387	219835	0.3838651716059772
dreamt_VERB	1769	214	645	0.33178294573643413
dreamt_VERB	1777	187	513	0.3645224171539961
dreamt_VERB	1785	278	925	0.3005405405405405
dreamt_VERB	1793	449	1316	0.3411854103343465
dreamt_VERB	1801	1191	3127	0.38087623920690755
dreamt_VERB	1809	1523	4585	0.3321701199563795
dreamt_VERB	1817	2744	7556	0.36315510852302807
dreamt_VERB	1825	3658	11180	0.3271914132379249
dreamt_VERB	1833	5275	17257	0.30567306020745205
dreamt_VERB	1841	5955	22506	0.2645961077046121
dreamt_VERB	1849	8634	36213	0.23842266589346367
dreamt_VERB	1857	8508	32832	0.2591374269005848
dreamt_VERB	1865	10126	39331	0.257455950776741
dreamt_VERB	1873	12112	47154	0.25686049963947916
dreamt_VERB	1881	14983	64943	0.23071000723711563
dreamt_VERB	1889	14702	74899	0.1962910052203634
dreamt_VERB	1897	20690	120072	0.172313278699447
dreamt_VERB	1905	19379	119074	0.1627475351462116
dreamt_VERB	1913	16209	112776	0.14372738880612895
dreamt_VERB	1921	17394	106304	0.16362507525586995
dreamt_VERB	1929	16568	99275	0.16688995215311006
dreamt_VERB	1937	11491	85476	0.1344353970705227
dreamt_VERB	1945	15022	102806	0.14611987627181294
dreamt_VERB	1953	22776	125141	0.18200270095332466
dreamt_VERB	1961	33347	185865	0.1794151669222285
dreamt_VERB	1969	40410	217883	0.18546651184351234
dreamt_VERB	1977	40460	238044	0.16996857723782158
dreamt_VERB	1985	56678	351449	0.16126948718021675
dreamt_VERB	1993	82906	506456	0.16369832719920388
dreamt_VERB	2001	174843	1005110	0.173954094576713
dwelt_VERB	1769	1538	1599	0.9618511569731082
dwelt_VERB	1777	1497	1565	0.9565495207667731
dwelt_VERB	1785	3299	3542	0.9313946922642575
dwelt_VERB	1793	4364	4548	0.9595426561125769
dwelt_VERB	1801	9690	9979	0.9710391822827938
dwelt_VERB	1809	16154	16647	0.9703850543641497
dwelt_VERB	1817	23426	23877	0.9811115299241948
dwelt_VERB	1825	33487	33960	0.9860718492343934
dwelt_VERB	1833	42690	43355	0.9846615153961481
dwelt_VERB	1841	54620	55215	0.989223942769175
dwelt_VERB	1849	78121	78819	0.9911442672452073
dwelt_VERB	1857	62508	63009	0.9920487549397705
dwelt_VERB	1865	68266	68846	0.991575400168492
dwelt_VERB	1873	79017	79906	0.9888744274522564
dwelt_VERB	1881	97375	98479	0.9887894881142173
dwelt_VERB	1889	102982	104368	0.9867200674536256
dwelt_VERB	1897	132368	133717	0.9899115295736518
dwelt_VERB	1905	124640	126607	0.9844637342327044
dwelt_VERB	1913	84088	85463	0.983911166235681
dwelt_VERB	1921	79091	80629	0.980924977365464
dwelt_VERB	1929	60164	61557	0.9773705671166562
dwelt_VERB	1937	42229	43506	0.9706477267503333
dwelt_VERB	1945	50563	52230	0.968083476928968
dwelt_VERB	1953	59508	62165	0.9572589077455159
dwelt_VERB	1961	92943	98586	0.9427606353843345
dwelt_VERB	1969	97626	105983	0.9211477312399159
dwelt_VERB	1977	77369	87971	0.8794830114469541
dwelt_VERB	1985	84637	100831	0.8393946306195516
dwelt_VERB	1993	108523	135499	0.8009136598794087
dwelt_VERB	2001	341503	390127	0.8753636636274854
froze_VERB	1769	116	121	0.9586776859504132
froze_VERB	1777	120	123	0.975609756097561
froze_VERB	1785	237	238	0.9957983193277311
froze_VERB	1793	329	333	0.987987987987988
froze_VERB	1801	550	558	0.985663082437276
froze_VERB	1809	855	875	0.9771428571428571
froze_VERB	1817	1173	1188	0.9873737373737373
froze_VERB	1825	1270	1293	0.9822119102861562
froze_VERB	1833	1841	1857	0.9913839526117394
froze_VERB	1841	2150	2186	0.9835315645013724
froze_VERB	1849	3657	3682	0.9932102118413906
froze_VERB	1857	3088	3106	0.9942047649710238
froze_VERB	1865	3480	3508	0.992018244013683
froze_VERB	1873	4426	4441	0.9966223823463184
froze_VERB	1881	5747	5785	0.9934312878133102
froze_VERB	1889	6616	6638	0.9966857487194938
froze_VERB	1897	11596	11640	0.9962199312714777
froze_VERB	1905	11483	11556	0.9936829352717204
froze_VERB	1913	11444	11477	0.9971246841509105
froze_VERB	1921	11291	11329	0.9966457763262424
froze_VERB	1929	12632	12662	0.9976307060495972
froze_VERB	1937	14700	14722	0.9985056378209483
froze_VERB	1945	17775	17837	0.9965240791612939
froze_VERB	1953	22144	22228	0.9962209825445384
froze_VERB	1961	32713	32916	0.993832786486815
froze_VERB	1969	41821	42066	0.994175818951172
froze_VERB	1977	66111	66388	0.9958275591974454
froze_VERB	1985	121763	122162	0.9967338452219184
froze_VERB	1993	195758	196204	0.9977268557215959
froze_VERB	2001	375492	376073	0.9984550871772235
hung_VERB	1769	3132	4951	0.6325994748535649
hung_VERB	1777	3676	5538	0.6637775370169736
hung_VERB	1785	5551	8802	0.6306521245171552
hung_VERB	1793	8423	11835	0.7117025771018166
hung_VERB	1801	18823	27546	0.683329703042184
hung_VERB	1809	25404	38878	0.6534286743145223
hung_VERB	1817	39529	55241	0.7155735775963505
hung_VERB	1825	51986	73550	0.7068116927260367
hung_VERB	1833	65373	89082	0.7338519566242339
hung_VERB	1841	80949	110304	0.7338718450826806
hung_VERB	1849	122125	160141	0.7626092006419343
hung_VERB	1857	108533	142772	0.7601840697055445
hung_VERB	1865	118962	153266	0.7761799746845354
hung_VERB	1873	140531	181515	0.7742114976723686
hung_VERB	1881	182179	237850	0.7659407189405087
hung_VERB	1889	199755	253570	0.787770635327523
hung_VERB	1897	306052	392678	0.7793968595133927
hung_VERB	1905	302077	380223	0.7944732433335174
hung_VERB	1913	250172	298809	0.8372304716390738
hung_VERB	1921	247470	302329	0.81854535952555
hung_VERB	1929	235301	287351	0.8188626453361916
hung_VERB	1937	208574	247511	0.8426857796219158
hung_VERB	1945	244936	295787	0.828082370083878
hung_VERB	1953	284146	344254	0.8253963643123973
hung_VERB	1961	399863	501839	0.7967953865682021
hung_VERB	1969	482599	596179	0.8094867481075315
hung_VERB	1977	578150	681139	0.848798850161274
hung_VERB	1985	892915	1023694	0.8722479569089981
hung_VERB	1993	1306904	1491854	0.8760267425632803
hung_VERB	2001	2778004	3147434	0.8826250208900329
hove_VERB	1769	105	216	0.4861111111111111
hove_VERB	1777	74	186	0.3978494623655914
hove_VERB	1785	178	434	0.41013824884792627
hove_VERB	1793	280	632	0.4430379746835443
hove_VERB	1801	729	1722	0.42334494773519166
hove_VERB	1809	1057	2395	0.44133611691022967
hove_VERB	1817	1746	4145	0.4212303980699638
hove_VERB	1825	2463	5244	0.4696796338672769
hove_VERB	1833	3950	7856	0.5028004073319755
hove_VERB	1841	4524	9045	0.5001658374792703
hove_VERB	1849	5256	12064	0.43567639257294427
hove_VERB	1857	4313	10117	0.4263121478699219
hove_VERB	1865	3815	9986	0.3820348487883036
hove_VERB	1873	4865	11624	0.4185306262904336
hove_VERB	1881	5260	13477	0.39029457594420125
hove_VERB	1889	6262	16431	0.38110887955693507
hove_VERB	1897	8134	25259	0.3220238330891959
hove_VERB	1905	8422	23650	0.35610993657505285
hove_VERB	1913	6906	20377	0.3389115178878147
hove_VERB	1921	7619	21423	0.3556458012416562
hove_VERB	1929	6703	20427	0.3281441229744945
hove_VERB	1937	6419	19249	0.33347186866850226
hove_VERB	1945	7354	22753	0.32321012613721267
hove_VERB	1953	8512	27684	0.3074700187834128
hove_VERB	1961	11331	37233	0.30432680686487795
hove_VERB	1969	11767	41388	0.28430946167971394
hove_VERB	1977	11695	54413	0.2149302556374396
hove_VERB	1985	12938	83636	0.1546941508441341
hove_VERB	1993	18746	118352	0.15839191564147628
hove_VERB	2001	47509	255841	0.18569736672386364
hewn_VERB	1769	629	1254	0.5015948963317385
hewn_VERB	1777	602	1154	0.5216637781629117
hewn_VERB	1785	1221	1952	0.6255122950819673
hewn_VERB	1793	1394	2192	0.6359489051094891
hewn_VERB	1801	2243	3292	0.68134872417983
hewn_VERB	1809	2660	3684	0.7220412595005429
hewn_VERB	1817	3597	4603	0.7814468824679557
hewn_VERB	1825	4553	5989	0.7602270829854734
hewn_VERB	1833	5434	6978	0.7787331613642877
hewn_VERB	1841	7193	9228	0.7794755093194625
hewn_VERB	1849	9514	12466	0.7631958928284935
hewn_VERB	1857	7147	9679	0.7384027275544994
hewn_VERB	1865	8386	11088	0.7563131313131313
hewn_VERB	1873	10216	13397	0.7625587818168247
hewn_VERB	1881	12096	16116	0.7505584512285927
hewn_VERB	1889	11093	15655	0.7085915043117215
hewn_VERB	1897	15551	21938	0.7088613364937552
hewn_VERB	1905	14746	21215	0.6950742399245816
hewn_VERB	1913	9316	14245	0.653983853983854
hewn_VERB	1921	9339	13513	0.6911122622659661
hewn_VERB	1929	8439	11909	0.7086237299521371
hewn_VERB	1937	6429	9586	0.6706655539328187
hewn_VERB	1945	7974	11782	0.6767951111865558
hewn_VERB	1953	9543	13594	0.7020008827423864
hewn_VERB	1961	14657	20924	0.7004874784935958
hewn_VERB	1969	16079	22913	0.7017413695282154
hewn_VERB	1977	14070	20170	0.6975706494794249
hewn_VERB	1985	15693	22492	0.6977147430197403
hewn_VERB	1993	22397	31119	0.7197210707284939
hewn_VERB	2001	51297	74077	0.6924821469551953
knelt_VERB	1769	40	248	0.16129032258064516
knelt_VERB	1777	61	360	0.16944444444444445
knelt_VERB	1785	263	664	0.3960843373493976
knelt_VERB	1793	472	904	0.5221238938053098
knelt_VERB	1801	1243	2419	0.513848697809012
knelt_VERB	1809	1419	3378	0.4200710479573712
knelt_VERB	1817	3794	6596	0.5751970891449363
knelt_VERB	1825	6664	10070	0.661767626613704
knelt_VERB	1833	9797	13925	0.7035547576301616
knelt_VERB	1841	14898	19668	0.7574740695546065
knelt_VERB	1849	21831	27435	0.7957353745215965
knelt_VERB	1857	21071	25635	0.8219621611078604
knelt_VERB	1865	23618	27848	0.8481039931054295
knelt_VERB	1873	28266	32857	0.860273305536111
knelt_VERB	1881	33241	38510	0.8631783952220202
knelt_VERB	1889	33847	39208	0.863267700469292
knelt_VERB	1897	55963	63920	0.8755162703379225
knelt_VERB	1905	50741	57532	0.8819613432524508
knelt_VERB	1913	39260	43751	0.8973509176933099
knelt_VERB	1921	34647	38817	0.8925728417961203
knelt_VERB	1929	33400	37021	0.9021906485508225
knelt_VERB	1937	27200	29963	0.9077862697326703
knelt_VERB	1945	32726	35809	0.9139043257281689
knelt_VERB	1953	40410	44078	0.9167838831162939
knelt_VERB	1961	50066	56067	0.8929673426436228
knelt_VERB	1969	58657	65678	0.8930996680775907
knelt_VERB	1977	85175	93338	0.9125436585313591
knelt_VERB	1985	147217	159501	0.9229848088726716
knelt_VERB	1993	223618	243646	0.9177987736305953
knelt_VERB	2001	504365	566083	0.8909735851456412
leant_VERB	1769	19	297	0.06397306397306397
leant_VERB	1777	32	320	0.1
leant_VERB	1785	62	613	0.10114192495921696
leant_VERB	1793	120	999	0.12012012012012012
leant_VERB	1801	297	2148	0.138268156424581
leant_VERB	1809	360	2950	0.12203389830508475
leant_VERB	1817	700	4953	0.1413284877851807
leant_VERB	1825	1437	7388	0.19450460205739037
leant_VERB	1833	2071	10277	0.2015179527099348
leant_VERB	1841	2734	13805	0.1980441868888084
leant_VERB	1849	3890	22261	0.17474506985310634
leant_VERB	1857	4388	20552	0.21350720124562086
leant_VERB	1865	5415	25108	0.21566831288832244
leant_VERB	1873	7047	30079	0.23428305462282656
leant_VERB	1881	7616	41098	0.1853131539247652
leant_VERB	1889	7358	51943	0.14165527597558863
leant_VERB	1897	11141	96344	0.11563771485510255
leant_VERB	1905	12207	106850	0.11424426766495087
leant_VERB	1913	10498	96949	0.1082837368100754
leant_VERB	1921	10720	89300	0.1200447928331467
leant_VERB	1929	11438	92001	0.1243247356007
leant_VERB	1937	6971	89427	0.07795184899415165
leant_VERB	1945	8584	109018	0.07873929075932415
leant_VERB	1953	10629	124077	0.08566454701515994
leant_VERB	1961	13652	154280	0.08848846253564947
leant_VERB	1969	14406	190604	0.07558078529306834
leant_VERB	1977	17837	337940	0.05278155885660176
leant_VERB	1985	24524	676215	0.03626657202221187
leant_VERB	1993	32417	1064160	0.030462524432416177
leant_VERB	2001	91274	2234813	0.040841895943866446
leapt_VERB	1769	111	593	0.18718381112984822
leapt_VERB	1777	148	524	0.2824427480916031
leapt_VERB	1785	147	1084	0.13560885608856088
leapt_VERB	1793	206	1465	0.14061433447098975
leapt_VERB	1801	540	3476	0.15535097813578827
leapt_VERB	1809	797	4685	0.17011739594450373
leapt_VERB	1817	1042	6819	0.1528083296671066
leapt_VERB	1825	1455	9112	0.1596795434591747
leapt_VERB	1833	1706	11427	0.14929552813511857
leapt_VERB	1841	2334	14182	0.16457481314342123
leapt_VERB	1849	3444	23031	0.1495375797837697
leapt_VERB	1857	3573	21401	0.1669548151955516
leapt_VERB	1865	4108	23907	0.17183251767264818
leapt_VERB	1873	5639	26601	0.2119845118604564
leapt_VERB	1881	7337	37222	0.19711460963946054
leapt_VERB	1889	9333	45761	0.20395096261008283
leapt_VERB	1897	15389	81488	0.1888498920086393
leapt_VERB	1905	17480	82159	0.2127581883908032
leapt_VERB	1913	16987	75687	0.22443748596192212
leapt_VERB	1921	19675	74952	0.26250133418721316
leapt_VERB	1929	22686	69472	0.32654882542607094
leapt_VERB	1937	16145	59110	0.27313483336152933
leapt_VERB	1945	18700	65859	0.28393993227956693
leapt_VERB	1953	24547	77792	0.315546585767174
leapt_VERB	1961	33327	107404	0.3102957059327399
leapt_VERB	1969	37563	122446	0.30677196478447644
leapt_VERB	1977	49032	159244	0.30790485041822613
leapt_VERB	1985	93898	249645	0.37612609906066613
leapt_VERB	1993	144893	352426	0.41113027983179445
leapt_VERB	2001	300845	801621	0.37529580687132696
learnt_VERB	1769	1424	8932	0.1594267801164353
learnt_VERB	1777	1469	9909	0.14824906650519729
learnt_VERB	1785	2597	19470	0.13338469440164355
learnt_VERB	1793	4127	24537	0.1681949708603334
learnt_VERB	1801	10038	54388	0.1845627711995293
learnt_VERB	1809	15680	79726	0.19667360710433235
learnt_VERB	1817	20560	115439	0.17810272091754087
learnt_VERB	1825	26143	147387	0.17737656645430058
learnt_VERB	1833	28588	173121	0.16513305722587093
learnt_VERB	1841	32177	216787	0.1484267968097718
learnt_VERB	1849	47471	298359	0.1591069818574268
learnt_VERB	1857	46148	256062	0.18022197748982668
learnt_VERB	1865	51768	282250	0.1834118689105403
learnt_VERB	1873	69206	341051	0.20291979791878634
learnt_VERB	1881	76761	442586	0.1734374788176761
learnt_VERB	1889	82734	498523	0.165958240642859
learnt_VERB	1897	102332	725332	0.1410829799319484
learnt_VERB	1905	113360	755252	0.15009559723112287
learnt_VERB	1913	87383	683703	0.12780841973781012
learnt_VERB	1921	100819	667359	0.15107161213080217
learnt_VERB	1929	95808	669547	0.14309376339525082
learnt_VERB	1937	62295	660029	0.09438221653897026
learnt_VERB	1945	90212	819891	0.11002925998699827
learnt_VERB	1953	123373	1043412	0.11823996657121061
learnt_VERB	1961	200439	1692689	0.11841454632244908
learnt_VERB	1969	215750	2103989	0.10254331177586955
learnt_VERB	1977	206982	2295035	0.09018685989538286
learnt_VERB	1985	246245	3228580	0.07627037273352372
learnt_VERB	1993	323383	4912670	0.06582632254965222
learnt_VERB	2001	679103	8771637	0.0774203264453374
shook_VERB	1769	1043	1052	0.9914448669201521
shook_VERB	1777	1048	1055	0.9933649289099526
shook_VERB	1785	1990	1997	0.9964947421131698
shook_VERB	1793	3199	3217	0.9944047248989742
shook_VERB	1801	7172	7250	0.9892413793103448
shook_VERB	1809	10225	10367	0.9863026912317931
shook_VERB	1817	18134	18331	0.9892531776771589
shook_VERB	1825	23572	23673	0.9957335360959744
shook_VERB	1833	30755	31269	0.983561994307461
shook_VERB	1841	37428	37621	0.9948698864995614
shook_VERB	1849	57800	58009	0.9963971107931527
shook_VERB	1857	56359	56542	0.9967634678645962
shook_VERB	1865	66808	66924	0.9982666905743829
shook_VERB	1873	76829	77028	0.997416523861453
shook_VERB	1881	102430	102633	0.9980220786686543
shook_VERB	1889	120881	121078	0.9983729496688085
shook_VERB	1897	209999	210300	0.998568711364717
shook_VERB	1905	217200	217525	0.9985059188599011
shook_VERB	1913	202958	203146	0.9990745572150079
shook_VERB	1921	190243	190447	0.9989288358440931
shook_VERB	1929	189375	189585	0.9988923174301765
shook_VERB	1937	179318	179446	0.9992866934899636
shook_VERB	1945	211802	212073	0.9987221381316811
shook_VERB	1953	245358	245706	0.9985836731703743
shook_VERB	1961	304938	305628	0.9977423534492913
shook_VERB	1969	376289	376874	0.998447757075309
shook_VERB	1977	627497	628095	0.9990479147262755
shook_VERB	1985	1194419	1195115	0.9994176292658029
shook_VERB	1993	1856590	1857434	0.9995456096959568
shook_VERB	2001	3945226	3947031	0.9995426942428373
shorn_VERB	1769	118	127	0.9291338582677166
shorn_VERB	1777	105	119	0.8823529411764706
shorn_VERB	1785	197	211	0.933649289099526
shorn_VERB	1793	340	368	0.9239130434782609
shorn_VERB	1801	774	872	0.8876146788990825
shorn_VERB	1809	1444	1606	0.8991282689912827
shorn_VERB	1817	1704	1910	0.8921465968586387
shorn_VERB	1825	2474	2655	0.9318267419962335
shorn_VERB	1833	3786	4082	0.9274865262126408
shorn_VERB	1841	4758	5209	0.9134190823574583
shorn_VERB	1849	7130	7832	0.910367722165475
shorn_VERB	1857	6183	6966	0.8875968992248062
shorn_VERB	1865	6715	7575	0.8864686468646865
shorn_VERB	1873	7788	9058	0.8597924486641643
shorn_VERB	1881	9852	11432	0.8617914625612316
shorn_VERB	1889	10768	12725	0.8462082514734774
shorn_VERB	1897	14260	17353	0.8217599262375381
shorn_VERB	1905	15507	20518	0.7557754167072814
shorn_VERB	1913	12668	17475	0.7249213161659513
shorn_VERB	1921	12049	16226	0.7425736472328361
shorn_VERB	1929	10678	14707	0.726048820289658
shorn_VERB	1937	8719	13756	0.6338325094504217
shorn_VERB	1945	11326	17787	0.6367571822117276
shorn_VERB	1953	13051	20390	0.6400686611083864
shorn_VERB	1961	21221	31682	0.6698125118363739
shorn_VERB	1969	21907	34933	0.6271147625454442
shorn_VERB	1977	19585	35409	0.5531079669010703
shorn_VERB	1985	23763	43661	0.5442614690456014
shorn_VERB	1993	31580	56817	0.5558195610468698
shorn_VERB	2001	62188	100239	0.620397250571135
shone_VERB	1769	981	1097	0.894257064721969
shone_VERB	1777	978	1102	0.8874773139745916
shone_VERB	1785	1785	1901	0.9389794844818516
shone_VERB	1793	2771	2969	0.9333108790838667
shone_VERB	1801	6443	7021	0.9176755447941889
shone_VERB	1809	9574	10585	0.9044874822862541
shone_VERB	1817	15425	16768	0.919906965648855
shone_VERB	1825	19892	21829	0.9112648311878694
shone_VERB	1833	25146	27403	0.9176367550998066
shone_VERB	1841	31677	33692	0.9401935177490205
shone_VERB	1849	47518	49610	0.9578310824430558
shone_VERB	1857	41028	42712	0.9605731410376475
shone_VERB	1865	46749	48249	0.9689112727724927
shone_VERB	1873	52960	54532	0.9711728893126972
shone_VERB	1881	66051	67952	0.9720243701436307
shone_VERB	1889	72730	74337	0.9783822322665698
shone_VERB	1897	113965	116114	0.9814923265067089
shone_VERB	1905	102582	104664	0.9801077734464573
shone_VERB	1913	81750	83574	0.9781750305118817
shone_VERB	1921	78162	80139	0.9753303634934302
shone_VERB	1929	68545	70714	0.9693271487965608
shone_VERB	1937	55898	58475	0.9559298845660539
shone_VERB	1945	68169	71402	0.9547211562701325
shone_VERB	1953	74959	78493	0.9549768769189609
shone_VERB	1961	99799	105346	0.9473449395325878
shone_VERB	1969	110520	117409	0.9413247706734578
shone_VERB	1977	126089	135190	0.9326799319476292
shone_VERB	1985	180477	196703	0.9175101549035856
shone_VERB	1993	249675	278007	0.8980888970421608
shone_VERB	2001	622137	692036	0.8989951389812091
slain_VERB	1769	2760	2761	0.9996378123868164
slain_VERB	1777	2250	2256	0.9973404255319149
slain_VERB	1785	4944	4950	0.9987878787878788
slain_VERB	1793	5285	5292	0.9986772486772487
slain_VERB	1801	20013	20020	0.9996503496503496
slain_VERB	1809	28484	28491	0.9997543083780843
slain_VERB	1817	35121	35130	0.9997438087105038
slain_VERB	1825	50119	50130	0.9997805705166567
slain_VERB	1833	46708	46730	0.9995292103573722
slain_VERB	1841	56882	56902	0.9996485185055007
slain_VERB	1849	82974	83014	0.999518153564459
slain_VERB	1857	62558	62584	0.9995845583535728
slain_VERB	1865	63132	63155	0.9996358166415961
slain_VERB	1873	73074	73100	0.9996443228454173
slain_VERB	1881	88150	88219	0.9992178555639941
slain_VERB	1889	87702	87786	0.9990431276057685
slain_VERB	1897	110994	111045	0.9995407267324058
slain_VERB	1905	105140	105216	0.9992776763990268
slain_VERB	1913	65488	65527	0.999404825491782
slain_VERB	1921	61993	62069	0.998775556235802
slain_VERB	1929	53648	53716	0.9987340829547993
slain_VERB	1937	34876	35002	0.9964002057025313
slain_VERB	1945	43313	43377	0.998524563708878
slain_VERB	1953	52185	52300	0.9978011472275334
slain_VERB	1961	87822	88099	0.996855809941089
slain_VERB	1969	90250	90557	0.996609870026613
slain_VERB	1977	75630	76088	0.9939806539796026
slain_VERB	1985	90519	91340	0.9910116049923363
slain_VERB	1993	127686	129130	0.9888174707658949
slain_VERB	2001	359118	361994	0.9920551169356399
slunk_VERB	1793	57	57	1.0
slunk_VERB	1801	229	232	0.9870689655172413
slunk_VERB	1809	359	369	0.9728997289972899
slunk_VERB	1817	640	645	0.9922480620155039
slunk_VERB	1825	1098	1102	0.9963702359346642
slunk_VERB	1833	1219	1236	0.9862459546925566
slunk_VERB	1841	1464	1472	0.9945652173913043
slunk_VERB	1849	2138	2154	0.9925719591457753
slunk_VERB	1857	2155	2178	0.9894398530762167
slunk_VERB	1865	2702	2716	0.9948453608247423
slunk_VERB	1873	3078	3096	0.9941860465116279
slunk_VERB	1881	3571	3600	0.9919444444444444
slunk_VERB	1889	4080	4105	0.9939098660170523
slunk_VERB	1897	6949	6998	0.9929979994284082
slunk_VERB	1905	6696	6755	0.9912657290895633
slunk_VERB	1913	5661	5720	0.9896853146853147
slunk_VERB	1921	5536	5573	0.9933608469406064
slunk_VERB	1929	5014	5113	0.9806375904557012
slunk_VERB	1937	3618	3665	0.9871759890859482
slunk_VERB	1945	3984	4025	0.9898136645962733
slunk_VERB	1953	4446	4517	0.9842816028337392
slunk_VERB	1961	5698	5835	0.9765209940017138
slunk_VERB	1969	6486	6733	0.9633150155948315
slunk_VERB	1977	7155	7566	0.9456780333068993
slunk_VERB	1985	11143	12329	0.9038040392570362
slunk_VERB	1993	17182	19187	0.8955021629228124
slunk_VERB	2001	47003	52955	0.887602681522047
smelt_VERB	1769	112	165	0.6787878787878788
smelt_VERB	1777	145	198	0.7323232323232324
smelt_VERB	1785	185	268	0.6902985074626866
smelt_VERB	1793	252	362	0.6961325966850829
smelt_VERB	1801	694	935	0.7422459893048128
smelt_VERB	1809	972	1411	0.6888731396172927
smelt_VERB	1817	1390	1898	0.7323498419388831
smelt_VERB	1825	1783	2340	0.7619658119658119
smelt_VERB	1833	2345	3099	0.7566957082929977
smelt_VERB	1841	2761	3686	0.7490504612045578
smelt_VERB	1849	4738	5883	0.805371409144994
smelt_VERB	1857	4685	5735	0.8169136878814298
smelt_VERB	1865	6023	7331	0.8215795935070249
smelt_VERB	1873	6849	8431	0.8123591507531728
smelt_VERB	1881	8644	10986	0.7868195885672674
smelt_VERB	1889	9798	13241	0.7399743221811041
smelt_VERB	1897	15375	22287	0.6898640463050209
smelt_VERB	1905	16210	24509	0.6613896935819494
smelt_VERB	1913	13409	22508	0.5957437355606895
smelt_VERB	1921	14796	25024	0.5912723785166241
smelt_VERB	1929	15599	29724	0.5247947786300633
smelt_VERB	1937	12529	31255	0.40086386178211486
smelt_VERB	1945	14263	37661	0.378720692493561
smelt_VERB	1953	17143	44801	0.38264770875650095
smelt_VERB	1961	23954	64814	0.36958064615669456
smelt_VERB	1969	25363	78108	0.3247170584319148
smelt_VERB	1977	26845	112493	0.23863707075106896
smelt_VERB	1985	36497	205254	0.17781383066834264
smelt_VERB	1993	46581	326164	0.14281465765688425
smelt_VERB	2001	101963	651298	0.15655352849233378
snuck_VERB	1801	1	116	0.008620689655172414
snuck_VERB	1809	1	200	0.005
snuck_VERB	1817	1	303	0.0033003300330033004
snuck_VERB	1825	0	326	0.0
snuck_VERB	1833	0	460	0.0
snuck_VERB	1841	0	627	0.0
snuck_VERB	1849	0	822	0.0
snuck_VERB	1857	0	813	0.0
snuck_VERB	1865	1	971	0.0010298661174047373
snuck_VERB	1873	0	1057	0.0
snuck_VERB	1881	1	1379	0.0007251631617113851
snuck_VERB	1889	1	1827	0.0005473453749315818
snuck_VERB	1897	8	3832	0.0020876826722338203
snuck_VERB	1905	7	4010	0.001745635910224439
snuck_VERB	1913	49	4693	0.010441082463243129
snuck_VERB	1921	73	4786	0.015252820727120768
snuck_VERB	1929	110	5466	0.020124405415294547
snuck_VERB	1937	175	6635	0.02637528259231349
snuck_VERB	1945	214	7286	0.0293713972001098
snuck_VERB	1953	285	8630	0.03302433371958285
snuck_VERB	1961	546	13626	0.04007045354469397
snuck_VERB	1969	1510	18156	0.08316809870015422
snuck_VERB	1977	3471	25651	0.1353163619352072
snuck_VERB	1985	10958	49717	0.2204075064867148
snuck_VERB	1993	24612	83155	0.29597739161806264
snuck_VERB	2001	69178	174025	0.39751759804625775
spelt_VERB	1769	126	202	0.6237623762376238
spelt_VERB	1777	250	290	0.8620689655172413
spelt_VERB	1785	310	404	0.7673267326732673
spelt_VERB	1793	367	557	0.6588868940754039
spelt_VERB	1801	990	1394	0.7101865136298422
spelt_VERB	1809	1496	2133	0.7013595874355368
spelt_VERB	1817	1755	2483	0.7068062827225131
spelt_VERB	1825	2073	3051	0.6794493608652901
spelt_VERB	1833	2790	4564	0.6113058720420683
spelt_VERB	1841	3679	5693	0.6462322150008782
spelt_VERB	1849	6048	10285	0.5880408361691785
spelt_VERB	1857	6316	9516	0.6637242538881883
spelt_VERB	1865	5894	10073	0.5851285615010424
spelt_VERB	1873	8309	13868	0.5991491202768965
spelt_VERB	1881	8669	16694	0.5192883670779921
spelt_VERB	1889	9380	19109	0.49086817729865506
spelt_VERB	1897	11679	27730	0.42116840966462316
spelt_VERB	1905	12391	33623	0.3685274960592452
spelt_VERB	1913	9912	33049	0.2999183031256619
spelt_VERB	1921	10850	34566	0.3138922640745241
spelt_VERB	1929	9821	32198	0.3050189452761041
spelt_VERB	1937	6838	33255	0.20562321455420238
spelt_VERB	1945	9635	44365	0.21717570156655022
spelt_VERB	1953	12566	70882	0.17728055077452667
spelt_VERB	1961	23247	127133	0.18285574949069086
spelt_VERB	1969	30999	173048	0.17913526882714623
spelt_VERB	1977	35884	205384	0.17471662836442955
spelt_VERB	1985	46241	278799	0.1658578402361558
spelt_VERB	1993	63165	378755	0.16677007564256577
spelt_VERB	2001	102635	552910	0.1856269555623881
spilt_VERB	1769	310	340	0.9117647058823529
spilt_VERB	1777	382	434	0.880184331797235
spilt_VERB	1785	560	651	0.8602150537634409
spilt_VERB	1793	674	810	0.8320987654320988
spilt_VERB	1801	1629	1918	0.8493222106360793
spilt_VERB	1809	2177	2594	0.8392444101773323
spilt_VERB	1817	2621	3316	0.7904101326899879
spilt_VERB	1825	3362	4447	0.7560152912075556
spilt_VERB	1833	3626	4907	0.738944365192582
spilt_VERB	1841	4085	5614	0.7276451727823299
spilt_VERB	1849	5220	7700	0.6779220779220779
spilt_VERB	1857	4330	6618	0.6542762163795709
spilt_VERB	1865	4083	6558	0.6225983531564502
spilt_VERB	1873	4623	7344	0.6294934640522876
spilt_VERB	1881	5939	9803	0.6058349484851576
spilt_VERB	1889	5724	10373	0.5518172177769208
spilt_VERB	1897	8420	16264	0.5177078209542548
spilt_VERB	1905	7648	16482	0.46402135663147676
spilt_VERB	1913	6162	16928	0.36401228733459357
spilt_VERB	1921	6098	16663	0.36596051131248875
spilt_VERB	1929	6215	18171	0.34202850696164216
spilt_VERB	1937	4584	19042	0.24073101564961663
spilt_VERB	1945	5647	24801	0.227692431756784
spilt_VERB	1953	6251	30460	0.2052199606040709
spilt_VERB	1961	10392	48574	0.2139416148556841
spilt_VERB	1969	12436	67570	0.18404617433772386
spilt_VERB	1977	11346	92806	0.12225502661465854
spilt_VERB	1985	15458	154558	0.10001423413864051
spilt_VERB	1993	21173	237222	0.0892539477788738
spilt_VERB	2001	49839	422973	0.11783021611308524
spoilt_VERB	1769	79	1171	0.06746370623398805
spoilt_VERB	1777	90	1111	0.081008100810081
spoilt_VERB	1785	150	1667	0.08998200359928014
spoilt_VERB	1793	213	2214	0.09620596205962059
spoilt_VERB	1801	350	5037	0.06948580504268413
spoilt_VERB	1809	415	7665	0.05414220482713633
spoilt_VERB	1817	636	10232	0.062157935887412044
spoilt_VERB	1825	1124	12583	0.08932686958594929
spoilt_VERB	1833	1498	14645	0.10228747012632297
spoilt_VERB	1841	2076	16788	0.12365975696926376
spoilt_VERB	1849	3356	22886	0.14663986716770078
spoilt_VERB	1857	3693	21894	0.16867634968484516
spoilt_VERB	1865	5386	25280	0.21305379746835443
spoilt_VERB	1873	8329	32110	0.259389598255995
spoilt_VERB	1881	9904	39718	0.24935797371468854
spoilt_VERB	1889	10344	43152	0.2397107897664071
spoilt_VERB	1897	15785	67388	0.23424051759957262
spoilt_VERB	1905	17368	69694	0.24920366172123856
spoilt_VERB	1913	13574	58429	0.23231614438035908
spoilt_VERB	1921	15267	58481	0.2610591474153999
spoilt_VERB	1929	14310	54141	0.26430985759405995
spoilt_VERB	1937	8629	43312	0.19922885112670854
spoilt_VERB	1945	11717	53388	0.2194687944856522
spoilt_VERB	1953	14124	61942	0.22801976042103902
spoilt_VERB	1961	19197	87775	0.21870692110509826
spoilt_VERB	1969	21150	100607	0.21022394068007197
spoilt_VERB	1977	18885	103655	0.18219092180792051
spoilt_VERB	1985	22889	137074	0.16698279761296816
spoilt_VERB	1993	27337	177020	0.15442887809287087
spoilt_VERB	2001	63483	366602	0.17316599472997965
strewn_VERB	1769	23	360	0.06388888888888888
strewn_VERB	1777	26	468	0.05555555555555555
strewn_VERB	1785	57	832	0.06850961538461539
strewn_VERB	1793	163	1462	0.11149110807113544
strewn_VERB	1801	280	3479	0.08048289738430583
strewn_VERB	1809	302	4444	0.06795679567956796
strewn_VERB	1817	615	7285	0.08442004118050789
strewn_VERB	1825	1257	11111	0.11313113131131311
strewn_VERB	1833	2418	14313	0.16893732970027248
strewn_VERB	1841	4648	19886	0.233732273961581
strewn_VERB	1849	8760	26801	0.32685347561658146
strewn_VERB	1857	9196	22509	0.4085476920342974
strewn_VERB	1865	13799	25505	0.5410311703587531
strewn_VERB	1873	17396	28740	0.6052887961029924
strewn_VERB	1881	22312	33856	0.6590264650283554
strewn_VERB	1889	24935	35591	0.7005984659043016
strewn_VERB	1897	36290	48444	0.7491123771777722
strewn_VERB	1905	34247	43225	0.7922961249277038
strewn_VERB	1913	27336	32739	0.8349674699899203
strewn_VERB	1921	24291	29518	0.8229216071549563
strewn_VERB	1929	23337	27769	0.8403975656307393
strewn_VERB	1937	19513	22504	0.8670902950586562
strewn_VERB	1945	22702	26264	0.8643770941212305
strewn_VERB	1953	27630	31581	0.8748931319464235
strewn_VERB	1961	42204	49439	0.8536580432452112
strewn_VERB	1969	47972	56225	0.8532147621164963
strewn_VERB	1977	52839	58050	0.9102325581395349
strewn_VERB	1985	75201	80999	0.9284188693687576
strewn_VERB	1993	110639	119042	0.9294114682213
strewn_VERB	2001	224691	259959	0.8643324524251901
strung_VERB	1769	115	122	0.9426229508196722
strung_VERB	1777	122	130	0.9384615384615385
strung_VERB	1785	246	254	0.968503937007874
strung_VERB	1793	340	359	0.947075208913649
strung_VERB	1801	788	803	0.9813200498132005
strung_VERB	1809	1082	1147	0.9433304272013949
strung_VERB	1817	1716	1761	0.9744463373083475
strung_VERB	1825	2072	2135	0.9704918032786886
strung_VERB	1833	2945	3010	0.978405315614618
strung_VERB	1841	3561	3634	0.9799119427627958
strung_VERB	1849	5431	5517	0.9844118180170383
strung_VERB	1857	5646	5744	0.9829387186629527
strung_VERB	1865	6036	6130	0.9846655791190865
strung_VERB	1873	7719	7878	0.9798172124904798
strung_VERB	1881	10176	10346	0.983568528900058
strung_VERB	1889	12679	12913	0.9818787268644003
strung_VERB	1897	19709	19920	0.9894076305220884
strung_VERB	1905	22022	22342	0.985677199892579
strung_VERB	1913	19497	19700	0.9896954314720812
strung_VERB	1921	19137	19396	0.986646731284801
strung_VERB	1929	19520	19798	0.9859581775936963
strung_VERB	1937	19817	20129	0.9844999751602166
strung_VERB	1945	23570	23904	0.9860274431057564
strung_VERB	1953	29461	29876	0.9861092515731691
strung_VERB	1961	46581	47347	0.9838215726445181
strung_VERB	1969	56448	57400	0.9834146341463414
strung_VERB	1977	61976	62965	0.9842928611133169
strung_VERB	1985	87442	88699	0.9858284760820303
strung_VERB	1993	123236	124871	0.9869064874950949
strung_VERB	2001	213432	215831	0.9888848219208547
strove_VERB	1769	856	857	0.9988331388564761
strove_VERB	1777	753	760	0.9907894736842106
strove_VERB	1785	1392	1411	0.9865343727852587
strove_VERB	1793	2220	2228	0.9964093357271095
strove_VERB	1801	4379	4422	0.9902758932609679
strove_VERB	1809	6309	6398	0.9860894029384183
strove_VERB	1817	8355	8487	0.984446800989749
strove_VERB	1825	11610	11756	0.9875808097992514
strove_VERB	1833	15831	16027	0.9877706370499781
strove_VERB	1841	22364	22676	0.9862409596048686
strove_VERB	1849	31601	31881	0.9912173394811957
strove_VERB	1857	25213	25409	0.9922861978039278
strove_VERB	1865	27188	27341	0.9944040086317253
strove_VERB	1873	33824	34007	0.9946187549622136
strove_VERB	1881	44661	44841	0.9959858165518164
strove_VERB	1889	44649	44901	0.9943876528362398
strove_VERB	1897	67095	67444	0.9948253365755293
strove_VERB	1905	63200	63598	0.9937419415704897
strove_VERB	1913	47830	48085	0.994696890922325
strove_VERB	1921	45131	45471	0.9925227067801455
strove_VERB	1929	40549	40903	0.9913453780896266
strove_VERB	1937	34345	34836	0.9859053852336663
strove_VERB	1945	41234	41978	0.9822764305112202
strove_VERB	1953	48804	50016	0.9757677543186181
strove_VERB	1961	78557	81249	0.9668672845204249
strove_VERB	1969	84740	89412	0.947747505927616
strove_VERB	1977	76817	83781	0.9168785285446581
strove_VERB	1985	93330	104748	0.8909955321342651
strove_VERB	1993	129614	146072	0.8873295361191741
strove_VERB	2001	278826	309708	0.9002867216862335
swollen_VERB	1769	79	1916	0.04123173277661795
swollen_VERB	1777	160	1748	0.09153318077803203
swollen_VERB	1785	272	3034	0.08965062623599208
swollen_VERB	1793	391	3831	0.10206212477160011
swollen_VERB	1801	1022	7774	0.13146385387188061
swollen_VERB	1809	1468	9860	0.1488843813387424
swollen_VERB	1817	3223	14634	0.2202405357386907
swollen_VERB	1825	6057	20412	0.2967372134038801
swollen_VERB	1833	10199	26481	0.3851440655564367
swollen_VERB	1841	14723	33258	0.44269048048589815
swollen_VERB	1849	24783	50750	0.48833497536945814
swollen_VERB	1857	25282	47319	0.5342885521672056
swollen_VERB	1865	31426	52219	0.601811601141347
swollen_VERB	1873	40371	62710	0.6437729229787913
swollen_VERB	1881	57170	83378	0.6856724795509607
swollen_VERB	1889	52136	78391	0.6650763480501588
swollen_VERB	1897	74000	113435	0.6523559747873231
swollen_VERB	1905	81372	115059	0.7072197742028004
swollen_VERB	1913	64689	91026	0.7106650847010744
swollen_VERB	1921	46388	72008	0.6442061993111876
swollen_VERB	1929	43648	69224	0.6305327632035133
swollen_VERB	1937	44613	67812	0.6578924084232879
swollen_VERB	1945	53547	81423	0.6576397332449062
swollen_VERB	1953	70911	103556	0.6847599366526324
swollen_VERB	1961	100169	152896	0.655144673503558
swollen_VERB	1969	113316	174050	0.65105429474289
swollen_VERB	1977	131205	196361	0.6681825820809631
swollen_VERB	1985	183080	276971	0.6610078311447769
swollen_VERB	1993	259620	395219	0.6569016165720778
swollen_VERB	2001	436443	702770	0.62103248573502
woke_VERB	1769	13	316	0.04113924050632911
woke_VERB	1777	24	278	0.08633093525179857
woke_VERB	1785	43	549	0.07832422586520947
woke_VERB	1793	115	676	0.17011834319526628
woke_VERB	1801	268	1465	0.18293515358361775
woke_VERB	1809	413	2266	0.1822594880847308
woke_VERB	1817	671	3219	0.20844982913948432
woke_VERB	1825	1197	3849	0.31098986749805146
woke_VERB	1833	2440	6000	0.4066666666666667
woke_VERB	1841	4095	8155	0.5021459227467812
woke_VERB	1849	7321	13109	0.5584712792737814
woke_VERB	1857	8825	13895	0.6351205469593378
woke_VERB	1865	12494	18151	0.6883367307586359
woke_VERB	1873	16285	22810	0.7139412538360368
woke_VERB	1881	20934	29686	0.7051808933504009
woke_VERB	1889	24540	35395	0.6933182652917078
woke_VERB	1897	41446	57728	0.7179531596452328
woke_VERB	1905	40161	55462	0.7241174137247124
woke_VERB	1913	41408	54614	0.7581938697037389
woke_VERB	1921	43032	53985	0.7971103084190053
woke_VERB	1929	43016	52062	0.8262456302101341
woke_VERB	1937	40430	47921	0.8436802237015087
woke_VERB	1945	48657	56175	0.8661682242990654
woke_VERB	1953	62468	70358	0.8878592342022229
woke_VERB	1961	86536	97504	0.8875123071873975
woke_VERB	1969	115152	126665	0.9091066987723523
woke_VERB	1977	163830	173703	0.9431616034265384
woke_VERB	1985	280763	293214	0.9575361340181574
woke_VERB	1993	434009	448908	0.9668105714311173
woke_VERB	2001	949352	1001737	0.9477058349646664
wove_VERB	1769	136	142	0.9577464788732394
wove_VERB	1777	172	184	0.9347826086956522
wove_VERB	1785	219	235	0.9319148936170213
wove_VERB	1793	452	493	0.9168356997971603
wove_VERB	1801	902	966	0.9337474120082816
wove_VERB	1809	1021	1111	0.918991899189919
wove_VERB	1817	1344	1485	0.9050505050505051
wove_VERB	1825	1450	1593	0.9102322661644695
wove_VERB	1833	1767	1947	0.9075500770416025
wove_VERB	1841	2257	2418	0.9334160463192721
wove_VERB	1849	3421	3663	0.933933933933934
wove_VERB	1857	2828	3051	0.9269092100950508
wove_VERB	1865	3301	3558	0.9277684092186622
wove_VERB	1873	4126	4362	0.9458963778083448
wove_VERB	1881	5719	6007	0.9520559347428
wove_VERB	1889	6441	6866	0.9381007864841246
wove_VERB	1897	10178	10843	0.9386701097482246
wove_VERB	1905	11237	11873	0.9464330834666891
wove_VERB	1913	10216	10794	0.9464517324439503
wove_VERB	1921	10902	11491	0.9487424941258377
wove_VERB	1929	11866	12566	0.9442941270093904
wove_VERB	1937	10100	10991	0.918933673005186
wove_VERB	1945	12107	13310	0.9096168294515402
wove_VERB	1953	13550	15152	0.8942713833157339
wove_VERB	1961	20609	22947	0.8981130430993158
wove_VERB	1969	23369	26483	0.8824151342370578
wove_VERB	1977	27043	32339	0.8362348866693466
wove_VERB	1985	40466	49969	0.8098220896956113
wove_VERB	1993	63891	78443	0.8144895019313387
wove_VERB	2001	112491	144926	0.7761961276789534
bent_VERB	1769	1467	1563	0.9385796545105566
bent_VERB	1777	1282	1425	0.8996491228070176
bent_VERB	1785	2279	2526	0.9022169437846398
bent_VERB	1793	3598	3756	0.9579339723109691
bent_VERB	1801	7932	8362	0.9485768954795504
bent_VERB	1809	11070	11614	0.953159979335285
bent_VERB	1817	17324	17963	0.9644268774703557
bent_VERB	1825	26334	27136	0.9704451650943396
bent_VERB	1833	31737	32504	0.9764029042579375
bent_VERB	1841	40299	41277	0.9763064176175594
bent_VERB	1849	60506	61794	0.9791565524160922
bent_VERB	1857	57688	58625	0.9840170575692964
bent_VERB	1865	66680	67584	0.986624053030303
bent_VERB	1873	80718	81832	0.9863867435721967
bent_VERB	1881	103406	104656	0.9880561076288029
bent_VERB	1889	119724	120828	0.990863044989572
bent_VERB	1897	183830	185443	0.9913019094816197
bent_VERB	1905	189540	191064	0.9920236151237282
bent_VERB	1913	163242	164110	0.9947108646639449
bent_VERB	1921	146112	147120	0.9931484502446982
bent_VERB	1929	130088	130906	0.993751241348754
bent_VERB	1937	123160	123711	0.9955460710850288
bent_VERB	1945	142363	143104	0.9948219476744186
bent_VERB	1953	161173	162040	0.9946494692668477
bent_VERB	1961	230536	232021	0.9935997172669715
bent_VERB	1969	269263	270799	0.9943278963363971
bent_VERB	1977	333989	335276	0.9961613715267421
bent_VERB	1985	497377	498923	0.9969013254550302
bent_VERB	1993	692577	694844	0.9967373971711636
bent_VERB	2001	1405661	1412656	0.9950483344848285
bit_VERB	1769	366	412	0.8883495145631068
bit_VERB	1777	381	439	0.8678815489749431
bit_VERB	1785	787	900	0.8744444444444445
bit_VERB	1793	776	904	0.8584070796460177
bit_VERB	1801	1838	2068	0.8887814313346228
bit_VERB	1809	2117	2364	0.8955160744500846
bit_VERB	1817	3244	3611	0.8983661035724176
bit_VERB	1825	3455	3792	0.9111286919831224
bit_VERB	1833	4238	4540	0.9334801762114537
bit_VERB	1841	4836	5077	0.9525310222572385
bit_VERB	1849	6899	7212	0.9566001109262341
bit_VERB	1857	7357	7579	0.9707085367462726
bit_VERB	1865	8628	8789	0.9816816475139378
bit_VERB	1873	10376	10516	0.9866869532141499
bit_VERB	1881	13479	13601	0.9910300713182855
bit_VERB	1889	16277	16367	0.9945011303232113
bit_VERB	1897	27609	27707	0.9964629876926409
bit_VERB	1905	27647	27716	0.9975104632703132
bit_VERB	1913	25874	25937	0.9975710375139761
bit_VERB	1921	26962	27006	0.9983707324298304
bit_VERB	1929	26841	26911	0.9973988331908885
bit_VERB	1937	24252	24285	0.9986411365040149
bit_VERB	1945	29156	29205	0.9983222051018661
bit_VERB	1953	35576	35690	0.9968058279630149
bit_VERB	1961	53013	53231	0.9959046420318987
bit_VERB	1969	77601	77906	0.9960850255436038
bit_VERB	1977	138075	138384	0.9977670828997572
bit_VERB	1985	254279	254592	0.998770581950729
bit_VERB	1993	354562	354824	0.9992616057538385
bit_VERB	2001	626215	626703	0.999221321742516
blent_VERB	1769	5	1288	0.0038819875776397515
blent_VERB	1777	4	1350	0.002962962962962963
blent_VERB	1785	4	2469	0.0016200891049007696
blent_VERB	1793	14	3174	0.004410838059231254
blent_VERB	1801	21	7202	0.002915856706470425
blent_VERB	1809	20	8987	0.0022254367419606096
blent_VERB	1817	35	12686	0.002758946870565978
blent_VERB	1825	51	16511	0.003088849857670644
blent_VERB	1833	156	22575	0.006910299003322259
blent_VERB	1841	199	24983	0.007965416483208582
blent_VERB	1849	397	34592	0.01147664199814986
blent_VERB	1857	383	27117	0.014123981266364273
blent_VERB	1865	425	26970	0.01575824990730441
blent_VERB	1873	565	28436	0.019869179912786607
blent_VERB	1881	824	32951	0.025006828320840037
blent_VERB	1889	910	34606	0.02629601803155522
blent_VERB	1897	1382	42621	0.03242533023626851
blent_VERB	1905	1141	38877	0.029348972400133753
blent_VERB	1913	787	29104	0.027040956569543705
blent_VERB	1921	778	30780	0.025276153346328784
blent_VERB	1929	586	26867	0.021811143782335205
blent_VERB	1937	262	25656	0.010212036170876208
blent_VERB	1945	385	37102	0.010376799094388442
blent_VERB	1953	415	42615	0.009738355039305409
blent_VERB	1961	605	68015	0.008895096669852238
blent_VERB	1969	643	85330	0.0075354506035392
blent_VERB	1977	419	101884	0.004112520120921833
blent_VERB	1985	486	139179	0.0034919061065246913
blent_VERB	1993	806	200558	0.004018787582644422
blent_VERB	2001	3206	364335	0.008799593780449312
built_VERB	1769	13743	13878	0.9902723735408561
built_VERB	1777	15350	15519	0.9891101230749404
built_VERB	1785	25724	25932	0.9919790220576893
built_VERB	1793	38293	38508	0.9944167445725564
built_VERB	1801	82968	83747	0.9906981742629587
built_VERB	1809	124432	125950	0.9879475982532752
built_VERB	1817	148363	150073	0.9886055453012867
built_VERB	1825	198158	200379	0.9889160041720939
built_VERB	1833	223863	226217	0.9895940623383742
built_VERB	1841	251296	254829	0.9861358008703875
built_VERB	1849	360939	365103	0.9885949992193983
built_VERB	1857	296021	299211	0.9893386272563509
built_VERB	1865	341019	345024	0.9883921118530885
built_VERB	1873	469130	473767	0.9902124884173021
built_VERB	1881	611366	618429	0.9885791254937916
built_VERB	1889	648526	656679	0.9875844971439622
built_VERB	1897	947522	959529	0.9874865689312152
built_VERB	1905	1174456	1190106	0.9868499108482773
built_VERB	1913	979797	992547	0.9871542607050346
built_VERB	1921	990382	1001293	0.9891030897050114
built_VERB	1929	935474	942697	0.9923379410351364
built_VERB	1937	955860	960592	0.9950738711128138
built_VERB	1945	1220503	1225391	0.9960110691199788
built_VERB	1953	1538915	1543069	0.9973079622492578
built_VERB	1961	2446011	2453173	0.9970805157239216
built_VERB	1969	2948512	2955222	0.9977294429995446
built_VERB	1977	3174460	3179295	0.9984792225949464
built_VERB	1985	4128665	4133563	0.9988150658402932
built_VERB	1993	5827977	5834778	0.9988344029541484
built_VERB	2001	9221829	9250888	0.9968587880428343
glid_VERB	1769	1	66	0.015151515151515152
glid_VERB	1777	2	103	0.019417475728155338
glid_VERB	1785	2	262	0.007633587786259542
glid_VERB	1793	2	575	0.0034782608695652175
glid_VERB	1801	8	959	0.008342022940563087
glid_VERB	1809	2	1436	0.001392757660167131
glid_VERB	1817	10	3392	0.00294811320754717
glid_VERB	1825	20	4883	0.0040958427196395655
glid_VERB	1833	21	7103	0.0029564972546811206
glid_VERB	1841	21	8772	0.0023939808481532147
glid_VERB	1849	25	15139	0.0016513640266860427
glid_VERB	1857	27	13475	0.0020037105751391465
glid_VERB	1865	20	13983	0.0014303082314238717
glid_VERB	1873	16	15272	0.0010476689366160294
glid_VERB	1881	36	17396	0.002069441250862267
glid_VERB	1889	40	20535	0.0019478938397857316
glid_VERB	1897	48	27945	0.0017176596886741813
glid_VERB	1905	33	22125	0.0014915254237288136
glid_VERB	1913	27	16502	0.0016361653132953582
glid_VERB	1921	30	17030	0.0017615971814445098
glid_VERB	1929	35	13238	0.0026439039129777914
glid_VERB	1937	30	9934	0.0030199315482182403
glid_VERB	1945	41	11243	0.003646713510628836
glid_VERB	1953	47	13912	0.0033783783783783786
glid_VERB	1961	65	18782	0.003460760302417208
glid_VERB	1969	107	21554	0.0049642757724784265
glid_VERB	1977	62	27380	0.002264426588750913
glid_VERB	1985	106	42286	0.002506739819325545
glid_VERB	1993	151	61989	0.002435916049621707
glid_VERB	2001	254	174069	0.0014591914700492334
lit_VERB	1769	695	1550	0.4483870967741935
lit_VERB	1777	890	1995	0.44611528822055135
lit_VERB	1785	1193	3015	0.3956882255389718
lit_VERB	1793	1585	4826	0.32842934106920846
lit_VERB	1801	3831	10167	0.37680731779285925
lit_VERB	1809	4802	14753	0.325493120043381
lit_VERB	1817	6025	22513	0.26762315106827167
lit_VERB	1825	6418	31731	0.20226277142226845
lit_VERB	1833	8910	40406	0.2205118051774489
lit_VERB	1841	11700	51884	0.22550304525479917
lit_VERB	1849	19496	79429	0.24545191302924624
lit_VERB	1857	20603	72513	0.2841283631900487
lit_VERB	1865	24309	84677	0.2870791360109593
lit_VERB	1873	30924	101299	0.30527448444703303
lit_VERB	1881	41506	129924	0.3194636864628552
lit_VERB	1889	48350	148846	0.3248323770877283
lit_VERB	1897	72839	219617	0.3316637600914319
lit_VERB	1905	83802	224841	0.37271671981533616
lit_VERB	1913	84074	197373	0.42596505094415144
lit_VERB	1921	81904	184046	0.4450191799876118
lit_VERB	1929	87451	168690	0.5184124725828443
lit_VERB	1937	76196	147001	0.5183366099550343
lit_VERB	1945	102610	182359	0.5626813044598841
lit_VERB	1953	136158	217832	0.6250596790186933
lit_VERB	1961	193674	298610	0.6485851110143666
lit_VERB	1969	246544	357803	0.6890495607918323
lit_VERB	1977	332767	431326	0.7714976607021139
lit_VERB	1985	523180	634133	0.8250319727880429
lit_VERB	1993	764998	893121	0.8565446339297811
lit_VERB	2001	1486382	1897113	0.7834968185869793
pled_VERB	1769	88	2440	0.036065573770491806
pled_VERB	1777	52	2028	0.02564102564102564
pled_VERB	1785	125	5041	0.02479666732791113
pled_VERB	1793	97	5141	0.018867924528301886
pled_VERB	1801	154	8863	0.017375606453796683
pled_VERB	1809	227	14660	0.015484311050477489
pled_VERB	1817	368	21344	0.017241379310344827
pled_VERB	1825	468	27494	0.017021895686331563
pled_VERB	1833	390	27162	0.014358294676386128
pled_VERB	1841	750	35152	0.021335912608101956
pled_VERB	1849	598	40554	0.014745771070671205
pled_VERB	1857	537	36828	0.014581296839361355
pled_VERB	1865	544	36156	0.015045912158424605
pled_VERB	1873	672	47414	0.014173029063145907
pled_VERB	1881	806	54832	0.014699445579223811
pled_VERB	1889	1185	53917	0.021978225791494332
pled_VERB	1897	1153	75574	0.015256569719744886
pled_VERB	1905	1396	81144	0.01720398304249236
pled_VERB	1913	1452	66937	0.021692038782736005
pled_VERB	1921	1459	63469	0.02298760024578928
pled_VERB	1929	2044	57712	0.03541724424729692
pled_VERB	1937	2068	51734	0.039973711678973206
pled_VERB	1945	2079	65357	0.031809905595422065
pled_VERB	1953	2501	82965	0.030145241969505212
pled_VERB	1961	3708	135835	0.027297824566569734
pled_VERB	1969	4953	161018	0.030760536089132894
pled_VERB	1977	6519	168030	0.03879664345652562
pled_VERB	1985	10645	243063	0.04379523004323982
pled_VERB	1993	22040	337965	0.06521385350554051
pled_VERB	2001	44451	654989	0.06786526185935947
sat_VERB	1769	2450	2915	0.8404802744425386
sat_VERB	1777	2901	3439	0.8435591741785403
sat_VERB	1785	5681	6906	0.8226180133217492
sat_VERB	1793	8962	10726	0.8355398098079433
sat_VERB	1801	27560	29871	0.9226339928358609
sat_VERB	1809	47379	47798	0.9912339428427968
sat_VERB	1817	74913	75053	0.9981346515129309
sat_VERB	1825	99407	99419	0.9998792987255957
sat_VERB	1833	131935	131936	0.9999924205675479
sat_VERB	1841	162690	162701	0.9999323913190453
sat_VERB	1849	246390	246394	0.9999837658384538
sat_VERB	1857	234125	234152	0.9998846902866514
sat_VERB	1865	277179	277208	0.9998953854145624
sat_VERB	1873	323822	323827	0.9999845596568538
sat_VERB	1881	418045	418063	0.9999569442883011
sat_VERB	1889	465080	465080	1.0
sat_VERB	1897	768919	768923	0.9999947979186472
sat_VERB	1905	765149	765162	0.9999830101338018
sat_VERB	1913	675789	675791	0.9999970405051266
sat_VERB	1921	694705	694707	0.9999971210884588
sat_VERB	1929	672070	672079	0.99998660871713
sat_VERB	1937	601467	601484	0.9999717365715464
sat_VERB	1945	710621	710632	0.9999845208209031
sat_VERB	1953	821367	821392	0.9999695638623215
sat_VERB	1961	1097107	1097186	0.9999279976230101
sat_VERB	1969	1315915	1316145	0.9998252472182017
sat_VERB	1977	1771550	1771785	0.9998673653970431
sat_VERB	1985	2870072	2870294	0.999922656006667
sat_VERB	1993	4175208	4175376	0.9999597641026821
sat_VERB	2001	9390752	9391035	0.9999698648764487
slid_VERB	1769	224	226	0.9911504424778761
slid_VERB	1777	248	248	1.0
slid_VERB	1785	393	396	0.9924242424242424
slid_VERB	1793	587	596	0.9848993288590604
slid_VERB	1801	781	821	0.951278928136419
slid_VERB	1809	921	1021	0.9020568070519099
slid_VERB	1817	1142	1330	0.8586466165413534
slid_VERB	1825	1648	1900	0.8673684210526316
slid_VERB	1833	2619	2876	0.9106397774687065
slid_VERB	1841	2730	2996	0.9112149532710281
slid_VERB	1849	5163	5557	0.9290984344070542
slid_VERB	1857	4955	5223	0.94868849320314
slid_VERB	1865	5839	6044	0.9660820648577101
slid_VERB	1873	7584	7868	0.9639044229791561
slid_VERB	1881	9917	10244	0.9680788754392815
slid_VERB	1889	12722	13017	0.9773373281093954
slid_VERB	1897	23243	23591	0.9852486117587216
slid_VERB	1905	27348	27576	0.9917319408181027
slid_VERB	1913	29879	29964	0.9971632625817648
slid_VERB	1921	29506	29655	0.9949755521834429
slid_VERB	1929	32452	32573	0.9962852669388758
slid_VERB	1937	35687	35773	0.9975959522544936
slid_VERB	1945	43781	43875	0.9978575498575498
slid_VERB	1953	53134	53298	0.9969229614619686
slid_VERB	1961	68688	69046	0.9948150508356748
slid_VERB	1969	88109	88619	0.994245026461594
slid_VERB	1977	167362	167929	0.9966235730576612
slid_VERB	1985	343254	344068	0.9976341885906275
slid_VERB	1993	547834	548704	0.9984144456756284
slid_VERB	2001	1128191	1129854	0.9985281284130516
sped_VERB	1769	142	152	0.9342105263157895
sped_VERB	1777	114	120	0.95
sped_VERB	1785	141	154	0.9155844155844156
sped_VERB	1793	317	355	0.8929577464788733
sped_VERB	1801	991	1037	0.9556412729026037
sped_VERB	1809	1215	1313	0.9253617669459253
sped_VERB	1817	1680	1821	0.9225700164744646
sped_VERB	1825	2572	2809	0.9156283374866501
sped_VERB	1833	3402	3620	0.9397790055248619
sped_VERB	1841	4753	5086	0.9345261502162799
sped_VERB	1849	7907	8368	0.9449091778202677
sped_VERB	1857	7937	8321	0.9538517005167648
sped_VERB	1865	9736	10061	0.9676970480071564
sped_VERB	1873	12076	12466	0.9687149045403497
sped_VERB	1881	16429	17073	0.9622796227962279
sped_VERB	1889	19288	20139	0.9577436814141715
sped_VERB	1897	31270	32799	0.9533827250830818
sped_VERB	1905	31969	34356	0.930521597392013
sped_VERB	1913	30044	34821	0.8628126705149192
sped_VERB	1921	25160	30864	0.8151892172109901
sped_VERB	1929	22354	31424	0.7113671079429735
sped_VERB	1937	20526	34418	0.5963739903538846
sped_VERB	1945	23060	41885	0.5505550913214755
sped_VERB	1953	25694	48447	0.530352756620637
sped_VERB	1961	37866	74571	0.5077845274972844
sped_VERB	1969	41660	82627	0.5041935444830382
sped_VERB	1977	54662	94670	0.5773951621421781
sped_VERB	1985	84731	131410	0.6447835020165893
sped_VERB	1993	128952	180617	0.7139527287021709
sped_VERB	2001	326075	388319	0.8397091051429366
trod_VERB	1769	711	716	0.9930167597765364
trod_VERB	1777	667	667	1.0
trod_VERB	1785	1128	1131	0.9973474801061007
trod_VERB	1793	1428	1430	0.9986013986013986
trod_VERB	1801	3215	3224	0.9972084367245657
trod_VERB	1809	4461	4464	0.9993279569892473
trod_VERB	1817	6375	6385	0.9984338292873923
trod_VERB	1825	7932	7943	0.9986151328213522
trod_VERB	1833	9969	9975	0.9993984962406015
trod_VERB	1841	12361	12388	0.9978204714239587
trod_VERB	1849	18191	18212	0.9988469141225566
trod_VERB	1857	15139	15219	0.9947434128392142
trod_VERB	1865	15389	15416	0.998248572911261
trod_VERB	1873	17236	17275	0.9977424023154848
trod_VERB	1881	21294	21321	0.9987336428872943
trod_VERB	1889	21500	21538	0.9982356764787816
trod_VERB	1897	30771	30875	0.9966315789473684
trod_VERB	1905	28445	28530	0.9970206799859797
trod_VERB	1913	22248	22344	0.9957035445757251
trod_VERB	1921	21488	21611	0.9943084540280412
trod_VERB	1929	18362	18490	0.9930773391022174
trod_VERB	1937	13708	13883	0.9873946553338615
trod_VERB	1945	16598	16852	0.9849276050320437
trod_VERB	1953	17834	18188	0.980536617550033
trod_VERB	1961	26874	27437	0.9794802638772461
trod_VERB	1969	29386	30330	0.9688757006264425
trod_VERB	1977	27172	28550	0.9517338003502627
trod_VERB	1985	34346	36814	0.932960286847395
trod_VERB	1993	46036	49772	0.924937715984891
trod_VERB	2001	123826	132087	0.937457887604382
bet_VERB	1881	30	54	0.5555555555555556
bet_VERB	1889	32	66	0.48484848484848486
bet_VERB	1897	84	118	0.711864406779661
bet_VERB	1905	102	119	0.8571428571428571
bet_VERB	1913	71	82	0.8658536585365854
bet_VERB	1921	102	128	0.796875
bet_VERB	1929	144	158	0.9113924050632911
bet_VERB	1937	135	145	0.9310344827586207
bet_VERB	1945	157	167	0.9401197604790419
bet_VERB	1953	258	275	0.9381818181818182
bet_VERB	1961	310	328	0.9451219512195121
bet_VERB	1969	433	448	0.9665178571428571
bet_VERB	1977	604	618	0.9773462783171522
bet_VERB	1985	985	999	0.985985985985986
bet_VERB	1993	1614	1624	0.9938423645320197
bet_VERB	2001	3200	3282	0.9750152346130408
fit_VERB	1801	0	61	0.0
fit_VERB	1809	1	79	0.012658227848101266
fit_VERB	1817	0	123	0.0
fit_VERB	1825	0	118	0.0
fit_VERB	1833	1	152	0.006578947368421052
fit_VERB	1841	2	175	0.011428571428571429
fit_VERB	1849	8	336	0.023809523809523808
fit_VERB	1857	7	397	0.017632241813602016
fit_VERB	1865	15	328	0.04573170731707317
fit_VERB	1873	2	412	0.0048543689320388345
fit_VERB	1881	13	494	0.02631578947368421
fit_VERB	1889	13	760	0.017105263157894738
fit_VERB	1897	7	697	0.010043041606886656
fit_VERB	1905	28	767	0.03650586701434159
fit_VERB	1913	16	661	0.024205748865355523
fit_VERB	1921	32	706	0.0453257790368272
fit_VERB	1929	47	675	0.06962962962962962
fit_VERB	1937	36	640	0.05625
fit_VERB	1945	71	728	0.09752747252747253
fit_VERB	1953	71	946	0.07505285412262157
fit_VERB	1961	143	1338	0.10687593423019431
fit_VERB	1969	171	1474	0.11601085481682497
fit_VERB	1977	311	1750	0.1777142857142857
fit_VERB	1985	728	2544	0.2861635220125786
fit_VERB	1993	1294	3521	0.36750923033229194
fit_VERB	2001	2198	6224	0.3531491002570694
pat_VERB	1849	5	78	0.0641025641025641
pat_VERB	1857	6	75	0.08
pat_VERB	1865	5	118	0.0423728813559322
pat_VERB	1873	10	202	0.04950495049504951
pat_VERB	1881	13	206	0.06310679611650485
pat_VERB	1889	13	259	0.05019305019305019
pat_VERB	1897	13	809	0.016069221260815822
pat_VERB	1905	21	1026	0.02046783625730994
pat_VERB	1913	14	1336	0.010479041916167664
pat_VERB	1921	16	1397	0.01145311381531854
pat_VERB	1929	14	1625	0.008615384615384615
pat_VERB	1937	8	1929	0.00414722654224987
pat_VERB	1945	5	2264	0.002208480565371025
pat_VERB	1953	4	2669	0.0014986886474334957
pat_VERB	1961	27	2817	0.009584664536741214
pat_VERB	1969	35	3970	0.008816120906801008
pat_VERB	1977	36	8431	0.004269956114339936
pat_VERB	1985	59	16526	0.0035701319133486626
pat_VERB	1993	74	24290	0.003046521202140799
pat_VERB	2001	211	47876	0.004407218648174451
quit_VERB	1777	1	54	0.018518518518518517
quit_VERB	1785	0	91	0.0
quit_VERB	1793	0	345	0.0
quit_VERB	1801	4	310	0.012903225806451613
quit_VERB	1809	1	441	0.0022675736961451248
quit_VERB	1817	0	485	0.0
quit_VERB	1825	7	643	0.01088646967340591
quit_VERB	1833	7	767	0.009126466753585397
quit_VERB	1841	14	806	0.017369727047146403
quit_VERB	1849	39	1118	0.03488372093023256
quit_VERB	1857	17	982	0.017311608961303463
quit_VERB	1865	19	874	0.021739130434782608
quit_VERB	1873	42	980	0.04285714285714286
quit_VERB	1881	70	887	0.07891770011273957
quit_VERB	1889	55	775	0.07096774193548387
quit_VERB	1897	126	1132	0.11130742049469965
quit_VERB	1905	201	1019	0.197252208047105
quit_VERB	1913	275	659	0.417298937784522
quit_VERB	1921	297	637	0.4662480376766091
quit_VERB	1929	394	652	0.6042944785276073
quit_VERB	1937	551	652	0.8450920245398773
quit_VERB	1945	680	853	0.7971864009378663
quit_VERB	1953	889	1058	0.8402646502835539
quit_VERB	1961	1466	1761	0.8324815445769449
quit_VERB	1969	2058	2419	0.8507647788342291
quit_VERB	1977	2555	2711	0.9424566580597565
quit_VERB	1985	4225	4357	0.9697039247188433
quit_VERB	1993	6766	7026	0.9629945915172218
quit_VERB	2001	10951	13081	0.8371684122009021
thrust_VERB	1817	70	70	1.0
thrust_VERB	1825	124	124	1.0
thrust_VERB	1833	131	134	0.9776119402985075
thrust_VERB	1841	156	160	0.975
thrust_VERB	1849	232	232	1.0
thrust_VERB	1857	276	276	1.0
thrust_VERB	1865	319	319	1.0
thrust_VERB	1873	373	373	1.0
thrust_VERB	1881	700	701	0.9985734664764622
thrust_VERB	1889	946	946	1.0
thrust_VERB	1897	1885	1888	0.9984110169491526
thrust_VERB	1905	2636	2637	0.999620781190747
thrust_VERB	1913	2756	2757	0.9996372869060574
thrust_VERB	1921	2532	2533	0.9996052112120016
thrust_VERB	1929	2429	2429	1.0
thrust_VERB	1937	2178	2180	0.9990825688073395
thrust_VERB	1945	2487	2487	1.0
thrust_VERB	1953	2779	2779	1.0
thrust_VERB	1961	3088	3088	1.0
thrust_VERB	1969	3559	3561	0.9994383600112328
thrust_VERB	1977	6054	6059	0.9991747813170491
thrust_VERB	1985	10267	10277	0.9990269533910674
thrust_VERB	1993	14506	14526	0.9986231584744596
thrust_VERB	2001	30352	30430	0.9974367400591522
wed_VERB	1833	2	196	0.01020408163265306
wed_VERB	1849	3	61	0.04918032786885246
wed_VERB	1857	2	54	0.037037037037037035
wed_VERB	1865	9	66	0.13636363636363635
wed_VERB	1873	3	54	0.05555555555555555
wed_VERB	1881	1	90	0.011111111111111112
wed_VERB	1889	11	131	0.08396946564885496
wed_VERB	1897	20	233	0.08583690987124463
wed_VERB	1905	10	552	0.018115942028985508
wed_VERB	1913	10	345	0.028985507246376812
wed_VERB	1921	31	452	0.06858407079646017
wed_VERB	1929	6	55	0.10909090909090909
wed_VERB	1937	8	134	0.05970149253731343
wed_VERB	1945	16	92	0.17391304347826086
wed_VERB	1953	22	56	0.39285714285714285
wed_VERB	1961	32	92	0.34782608695652173
wed_VERB	1969	79	168	0.47023809523809523
wed_VERB	1977	181	255	0.7098039215686275
wed_VERB	1985	314	377	0.8328912466843501
wed_VERB	1993	320	417	0.7673860911270983
wed_VERB	2001	377	688	0.5479651162790697