awaked_VERB	1769	965	4340	0.22235023041474655	553	2450	0.2257142857142857
awaked_VERB	1789	2677	17261	0.155089508139737	1641	8721	0.18816649466804267
awaked_VERB	1809	6475	57499	0.11261065409833214	3875	25082	0.15449326210031097
awaked_VERB	1829	6777	122455	0.05534277898003348	4693	47231	0.09936270669687282
awaked_VERB	1849	7680	172551	0.04450858007197872	5158	68810	0.07496003487865135
awaked_VERB	1869	7518	193660	0.038820613446245995	5192	84050	0.06177275431290898
awaked_VERB	1889	10901	298639	0.03650226527680578	7549	132027	0.057177698501064175
awaked_VERB	1909	6778	265535	0.025525825220780687	4700	125485	0.03745467585767223
awaked_VERB	1929	3937	177954	0.022123694887442823	2623	87773	0.029883905073314117
awaked_VERB	1949	5107	275646	0.01852738657553529	3493	141892	0.02461731457728413
awaked_VERB	1969	5740	469642	0.012222075538388815	4059	240744	0.01686023327684179
awaked_VERB	1989	18602	1422804	0.013074183091978938	12596	658119	0.019139395762772387
blowed_VERB	1769	89	7122	0.012496489750070205	71	2834	0.025052928722653495
blowed_VERB	1789	196	19264	0.010174418604651164	132	8662	0.01523897483260217
blowed_VERB	1809	417	58854	0.007085329799164033	362	23630	0.01531950909860347
blowed_VERB	1829	797	102185	0.007799579194598033	588	41504	0.014167309175019275
blowed_VERB	1849	1622	155889	0.010404839340813014	1245	60983	0.020415525638292638
blowed_VERB	1869	2341	201110	0.011640395803291731	1713	83350	0.020551889622075586
blowed_VERB	1889	4995	374778	0.01332789011094568	3570	149464	0.02388535031847134
blowed_VERB	1909	4936	417044	0.01183568160673694	3574	161271	0.022161454942302088
blowed_VERB	1929	3936	390853	0.01007028217769852	2644	138540	0.019084740869063088
blowed_VERB	1949	4951	594148	0.008332940614123081	3157	231797	0.013619675837047072
blowed_VERB	1969	7839	1015254	0.007721220502455543	5134	412973	0.012431805469122679
blowed_VERB	1989	19680	2893213	0.006802126217461349	13463	1108984	0.012139940702480829
burned_VERB	1769	5315	15828	0.3357973212029315	1360	3908	0.34800409416581374
burned_VERB	1789	18538	49503	0.3744823546047714	4927	12239	0.4025655690824414
burned_VERB	1809	46104	133907	0.3442986550367046	13673	32151	0.4252744860190974
burned_VERB	1829	108815	237483	0.45820121861354285	27397	57128	0.47957218876908
burned_VERB	1849	205367	368855	0.5567689200363286	43708	83178	0.5254754863064752
burned_VERB	1869	294804	481778	0.6119083893411488	61311	111622	0.5492734407195714
burned_VERB	1889	550949	789263	0.6980550209499242	113143	184506	0.6132212502574442
burned_VERB	1909	565978	755055	0.7495851295600983	124821	190010	0.6569180569443713
burned_VERB	1929	474760	603719	0.7863923447829205	102178	149147	0.685082502497536
burned_VERB	1949	711288	937124	0.7590116142580918	174671	256707	0.6804294390102334
burned_VERB	1969	1231011	1555709	0.7912861595581179	324185	455920	0.7110567643446218
burned_VERB	1989	3317393	4012245	0.8268171559812524	843020	1135395	0.7424904989012634
catched_VERB	1769	1059	9838	0.10764383004675747	644	3269	0.19700214132762311
catched_VERB	1789	1408	36432	0.03864734299516908	919	9298	0.09883845988384599
catched_VERB	1809	3157	98848	0.03193792489478796	2030	23543	0.08622520494414476
catched_VERB	1829	2589	196050	0.013205814843152258	1759	39058	0.04503558809974909
catched_VERB	1849	2691	340390	0.007905637650929815	1827	59261	0.0308297193769933
catched_VERB	1869	2483	533705	0.00465238287068699	1845	84807	0.021755279634935794
catched_VERB	1889	4712	1008533	0.004672132691741371	3091	147281	0.020987092700348313
catched_VERB	1909	3170	1128337	0.002809444341539806	1983	164269	0.012071662943099429
catched_VERB	1929	2327	1008281	0.002307888376355401	1415	138535	0.010214025336557549
catched_VERB	1949	3322	1733213	0.0019166715227730232	2163	268820	0.008046276318726285
catched_VERB	1969	5190	3475926	0.0014931272990276548	3209	549926	0.005835330571749653
catched_VERB	1989	11818	10447985	0.0011311271982109468	7510	1373936	0.0054660479090729115
cleaved_VERB	1769	91	207	0.4396135265700483	78	183	0.4262295081967213
cleaved_VERB	1789	279	724	0.38535911602209943	238	588	0.40476190476190477
cleaved_VERB	1809	1009	2513	0.40151213688818144	694	1733	0.4004616272360069
cleaved_VERB	1829	1591	3920	0.4058673469387755	1312	3256	0.40294840294840295
cleaved_VERB	1849	2105	6441	0.32681260673808415	1744	5320	0.32781954887218046
cleaved_VERB	1869	2271	7161	0.317134478424801	1829	5969	0.30641648517339587
cleaved_VERB	1889	2977	10361	0.28732747804265996	2295	8422	0.2725005936832106
cleaved_VERB	1909	2767	8310	0.3329723225030084	2221	6892	0.3222576900754498
cleaved_VERB	1929	2984	6579	0.4535643714850281	1974	5070	0.3893491124260355
cleaved_VERB	1949	12109	16605	0.7292381812707016	6189	10073	0.6144147721632086
cleaved_VERB	1969	66433	73134	0.9083736702491317	20720	26140	0.79265493496557
cleaved_VERB	1989	151810	170509	0.8903342345565337	51583	66111	0.780248370165328
climbed_VERB	1769	698	702	0.9943019943019943	440	443	0.9932279909706546
climbed_VERB	1789	2660	2695	0.987012987012987	1715	1748	0.9811212814645309
climbed_VERB	1809	8041	8135	0.9884449907805778	4797	4857	0.9876466954910439
climbed_VERB	1829	17783	18170	0.9787011557512383	9683	9995	0.968784392196098
climbed_VERB	1849	40389	41379	0.9760748205611542	18884	19685	0.9593091186182372
climbed_VERB	1869	76690	77827	0.9853906741876213	31437	32346	0.9718976071229828
climbed_VERB	1889	181753	183565	0.9901288371966334	64363	65749	0.9789198314803267
climbed_VERB	1909	241695	243095	0.9942409346140397	73720	74721	0.9866034983471849
climbed_VERB	1929	270578	271375	0.9970631045601106	66576	67152	0.9914224446032881
climbed_VERB	1949	452030	453287	0.9972269224575159	118396	119177	0.9934467221024191
climbed_VERB	1969	820454	821651	0.9985431770910034	226721	227485	0.9966415368046245
climbed_VERB	1989	2604181	2607575	0.9986984075242323	618443	620542	0.9966174731122148
creeped_VERB	1769	51	2157	0.02364394993045897	33	1361	0.024246877296105803
creeped_VERB	1789	222	6570	0.033789954337899546	140	4020	0.03482587064676617
creeped_VERB	1809	294	20106	0.014622500746045956	200	11574	0.017280110592707794
creeped_VERB	1829	243	39740	0.0061147458480120785	173	20187	0.008569871699608659
creeped_VERB	1849	200	69038	0.0028969552999797213	177	30926	0.0057233395848153654
creeped_VERB	1869	138	99101	0.001392518743504102	106	42696	0.002482668165636125
creeped_VERB	1889	156	175914	0.0008867969576042839	140	70351	0.001990021463802931
creeped_VERB	1909	159	190520	0.0008345580516481209	153	72822	0.002101013430007415
creeped_VERB	1929	127	143116	0.0008873920456133486	97	57674	0.0016818670458092035
creeped_VERB	1949	294	185861	0.0015818272795260974	269	89388	0.0030093524857922765
creeped_VERB	1969	989	295736	0.0033441988800822354	907	144911	0.006259014153514916
creeped_VERB	1989	7931	947163	0.00837342674914455	6764	398258	0.016983965168307982
dared_VERB	1769	4923	10187	0.4832629822322568	1961	3531	0.5553667516284339
dared_VERB	1789	19983	33849	0.5903571745103253	6401	10781	0.5937297096744273
dared_VERB	1809	54484	93844	0.5805805379139849	16530	26951	0.6133353122333123
dared_VERB	1829	107635	148869	0.7230182240762012	29753	42087	0.7069403853921639
dared_VERB	1849	167779	203763	0.8234026786021015	43210	55494	0.778642736151656
dared_VERB	1869	212639	244040	0.8713284707425012	58042	70111	0.8278586812340432
dared_VERB	1889	355945	401725	0.8860414462629909	96592	112570	0.85806165052856
dared_VERB	1909	322279	345498	0.9327955588744363	98425	108453	0.9075359833291841
dared_VERB	1929	268855	285274	0.9424448074482777	80369	86459	0.9295619889196035
dared_VERB	1949	398088	421444	0.944581011949393	134798	144924	0.9301288951450415
dared_VERB	1969	556343	580981	0.9575924169637217	215589	227156	0.9490790469985384
dared_VERB	1989	1426268	1491846	0.9560423797094338	524100	550735	0.9516373573497235
delved_VERB	1789	96	99	0.9696969696969697	93	96	0.96875
delved_VERB	1809	263	265	0.9924528301886792	208	210	0.9904761904761905
delved_VERB	1829	512	514	0.9961089494163424	458	460	0.9956521739130435
delved_VERB	1849	1231	1237	0.9951495553759094	1087	1092	0.9954212454212454
delved_VERB	1869	2104	2117	0.9938592347661785	1898	1907	0.995280545359203
delved_VERB	1889	4776	4784	0.9983277591973244	4400	4408	0.9981851179673321
delved_VERB	1909	6968	6979	0.9984238429574438	6296	6303	0.9988894177375853
delved_VERB	1929	8391	8407	0.9980968240751754	7308	7322	0.9980879541108987
delved_VERB	1949	13926	13951	0.9982080137624543	12276	12301	0.9979676449069181
delved_VERB	1969	27708	27764	0.9979829995677856	23847	23886	0.998367244410952
delved_VERB	1989	80344	80401	0.9992910535938607	67139	67193	0.9991963448573512
dived_VERB	1769	169	188	0.898936170212766	146	164	0.8902439024390244
dived_VERB	1789	639	740	0.8635135135135135	534	622	0.8585209003215434
dived_VERB	1809	1734	1980	0.8757575757575757	1379	1597	0.8634940513462742
dived_VERB	1829	4312	4787	0.9007729266764153	3127	3522	0.8878478137421919
dived_VERB	1849	7499	8249	0.9090798884713298	5449	6065	0.8984336356141798
dived_VERB	1869	10680	11703	0.9125865162778775	7094	8010	0.8856429463171036
dived_VERB	1889	20636	23030	0.896048632218845	13397	15395	0.8702176031178954
dived_VERB	1909	32878	37025	0.8879945982444294	17339	20302	0.8540537878041572
dived_VERB	1929	37045	42701	0.8675440856186037	17150	20747	0.8266255362221044
dived_VERB	1949	59450	68728	0.8650040740309627	26422	32476	0.8135854169232664
dived_VERB	1969	92491	120567	0.7671336269460134	44411	62272	0.7131776721479959
dived_VERB	1989	232526	368394	0.6311883472586416	119647	202298	0.5914393617336801
drawed_VERB	1769	27	75720	0.0003565768621236133	13	8621	0.0015079457139542977
drawed_VERB	1789	11	215057	5.114923020408543e-05	9	23605	0.00038127515356915906
drawed_VERB	1809	75	598794	0.00012525175602961955	61	57615	0.001058752061095201
drawed_VERB	1829	164	1049586	0.0001562520841550859	120	97228	0.0012342123668079154
drawed_VERB	1849	461	1528328	0.0003016368214152983	309	139727	0.002211455194772664
drawed_VERB	1869	920	1993498	0.00046150033759752957	640	196871	0.0032508597000066035
drawed_VERB	1889	2447	3311065	0.0007390371375977215	1493	336255	0.004440082675350552
drawed_VERB	1909	2253	3296584	0.0006834347312248073	1478	380721	0.0038821078952828974
drawed_VERB	1929	2118	2689153	0.0007876085890241276	951	325951	0.002917616451552534
drawed_VERB	1949	1969	4889309	0.00040271539393398943	1130	643218	0.001756791632074973
drawed_VERB	1969	3388	8055304	0.00042059244443164406	2034	1236736	0.0016446517284206168
drawed_VERB	1989	8767	17525369	0.0005002462430320297	5392	2741959	0.0019664772522127428
dreamed_VERB	1769	1009	1519	0.6642527978933509	643	1033	0.6224588576960309
dreamed_VERB	1789	3198	5007	0.6387058118633913	1987	3292	0.6035844471445929
dreamed_VERB	1809	11206	17145	0.6536016331291922	6385	10451	0.6109463209262271
dreamed_VERB	1829	32723	45939	0.7123141557282483	15628	23581	0.6627369492387939
dreamed_VERB	1849	66044	88135	0.7493504283201906	27790	40325	0.6891506509609423
dreamed_VERB	1869	100066	132338	0.7561395819794768	40707	59201	0.6876066282664144
dreamed_VERB	1889	208601	254136	0.8208242830610382	78346	103722	0.7553460210948497
dreamed_VERB	1909	236150	278989	0.8464491431561818	88580	112772	0.7854786649168233
dreamed_VERB	1929	198718	233556	0.8508366301871928	71112	90249	0.7879533291227604
dreamed_VERB	1949	300641	365007	0.8236581764185344	118054	151919	0.7770851572219406
dreamed_VERB	1969	505743	611952	0.8264422699819594	207800	267879	0.7757233676398673
dreamed_VERB	1989	1417902	1706990	0.8306445849126239	564390	725713	0.777704133727796
dwelled_VERB	1769	195	4718	0.041331072488342516	131	2119	0.06182161396885323
dwelled_VERB	1789	650	16515	0.039358159249167426	360	6716	0.05360333531864205
dwelled_VERB	1809	1153	55285	0.02085556660938772	729	18554	0.03929071898242967
dwelled_VERB	1829	1524	117769	0.012940587081490035	971	34285	0.02832142336298673
dwelled_VERB	1849	1463	174304	0.008393381677987883	983	48962	0.020076794248600954
dwelled_VERB	1869	2309	214755	0.01075178691997858	1200	63811	0.018805535095829874
dwelled_VERB	1889	3826	306270	0.012492245404381755	2047	99680	0.020535714285714286
dwelled_VERB	1909	3789	224514	0.016876453138779765	2170	88677	0.024470832346606224
dwelled_VERB	1929	3328	128248	0.02594972241282515	2228	55067	0.04045980351208528
dwelled_VERB	1949	9309	189796	0.04904739825918354	6576	87113	0.07548815905777553
dwelled_VERB	1969	25982	240989	0.10781404960392384	18938	127340	0.14871996230563844
dwelled_VERB	1989	84771	579422	0.1463026947544277	59273	282306	0.20996011420231947
freezed_VERB	1769	8	2339	0.003420265070542967	8	1109	0.007213706041478809
freezed_VERB	1789	13	7380	0.0017615176151761518	12	3405	0.003524229074889868
freezed_VERB	1809	44	21413	0.002054826507261944	33	8906	0.0037053671682012127
freezed_VERB	1829	66	39362	0.0016767440678827296	44	16325	0.002695252679938744
freezed_VERB	1849	59	62417	0.0009452552990371213	52	26620	0.0019534184823441023
freezed_VERB	1869	65	84178	0.0007721732519185535	49	36181	0.0013543019817031038
freezed_VERB	1889	125	144405	0.0008656209965028912	107	66488	0.0016093129587293948
freezed_VERB	1909	85	159252	0.0005337452590862281	82	72982	0.0011235647145871584
freezed_VERB	1929	72	181006	0.00039777686927505165	62	75242	0.000824007867946094
freezed_VERB	1949	329	360103	0.0009136274899126083	261	147819	0.0017656728837294258
freezed_VERB	1969	740	826475	0.0008953688859312139	647	323865	0.0019977459744029147
freezed_VERB	1989	1208	2256866	0.0005352555269120985	1071	895810	0.0011955660240452774
gnawed_VERB	1769	119	129	0.9224806201550387	106	116	0.9137931034482759
gnawed_VERB	1789	631	670	0.9417910447761194	517	552	0.9365942028985508
gnawed_VERB	1809	1689	1767	0.9558573853989814	1374	1451	0.9469331495520331
gnawed_VERB	1829	3793	3900	0.9725641025641025	2872	2976	0.9650537634408602
gnawed_VERB	1849	7062	7169	0.9850746268656716	5234	5336	0.9808845577211395
gnawed_VERB	1869	10678	10791	0.9895283106292281	7424	7527	0.9863159293211107
gnawed_VERB	1889	17696	17899	0.9886585842784513	13165	13362	0.985256698099087
gnawed_VERB	1909	16148	16482	0.979735468996481	12159	12321	0.9868517165814463
gnawed_VERB	1929	14860	14976	0.9922542735042735	10963	11057	0.991498598173103
gnawed_VERB	1949	22339	22595	0.9886700597477318	17087	17255	0.99026369168357
gnawed_VERB	1969	38366	38577	0.9945304196801202	29168	29358	0.9935281694938347
gnawed_VERB	1989	114014	114593	0.9949473353520721	84924	85382	0.9946358717294044
growed_VERB	1769	22	28926	0.0007605614326211713	17	6714	0.002532022639261245
growed_VERB	1789	78	75262	0.0010363795806648773	42	18069	0.002324423044994189
growed_VERB	1809	68	202034	0.00033657701179009474	40	44831	0.000892239744819433
growed_VERB	1829	223	376310	0.0005925965294570966	108	78413	0.0013773226378279112
growed_VERB	1849	697	690556	0.001009331611049647	520	119978	0.004334127923452633
growed_VERB	1869	1330	1152723	0.0011537897656245255	1085	175909	0.00616796184390793
growed_VERB	1889	3674	2133995	0.0017216535184009334	2704	310617	0.00870525438079693
growed_VERB	1909	3726	2479330	0.0015028253600771176	2831	357908	0.007909853928942633
growed_VERB	1929	3883	2234707	0.001737587970145527	2559	309520	0.008267640217110364
growed_VERB	1949	4720	3869404	0.00121982610241784	3256	593078	0.005490003001291567
growed_VERB	1969	7928	6863519	0.0011550925990006001	5119	1173044	0.004363860179157815
growed_VERB	1989	18170	16429353	0.0011059473857552395	11945	2765437	0.004319389666081708
hanged_VERB	1769	4915	14075	0.34920071047957374	1526	4292	0.3555452003727866
hanged_VERB	1789	14152	44597	0.3173307621588896	4617	12970	0.3559753276792598
hanged_VERB	1809	40061	130465	0.3070631970260223	11817	33127	0.3567180849458146
hanged_VERB	1829	63753	236590	0.26946616509573523	18604	55293	0.33646211997902087
hanged_VERB	1849	88968	377009	0.23598375635594906	24041	79305	0.3031460815837589
hanged_VERB	1869	114246	498535	0.2291634489052925	30954	106966	0.2893816726810388
hanged_VERB	1889	182994	842892	0.21710254694551614	56061	185441	0.3023117864981315
hanged_VERB	1909	139089	784717	0.17724733884954702	49946	184848	0.270200380853458
hanged_VERB	1929	114098	674074	0.1692662823369541	39735	146541	0.27115278318013386
hanged_VERB	1949	189824	1002668	0.18931889718231756	68078	248914	0.27350008436648804
hanged_VERB	1969	275417	1732724	0.15895030022092382	106420	435441	0.24439591127156146
hanged_VERB	1989	626311	5207576	0.1202692001038487	238739	1104120	0.21622559142122233
heaved_VERB	1769	358	625	0.5728	224	391	0.5728900255754475
heaved_VERB	1789	1466	2588	0.5664605873261206	1035	1619	0.6392835083384806
heaved_VERB	1809	5216	9274	0.5624326072891956	3316	5239	0.632945218553159
heaved_VERB	1829	9729	19558	0.49744350138050925	6180	10067	0.613886957385517
heaved_VERB	1849	15745	27304	0.5766554351010841	10280	15979	0.6433443895112335
heaved_VERB	1869	18014	30144	0.5975981953290871	12147	17827	0.6813821731082067
heaved_VERB	1889	35041	53366	0.6566165723494359	21435	30547	0.701705568468262
heaved_VERB	1909	34756	53942	0.6443216788402358	21146	30401	0.695569224696556
heaved_VERB	1929	34002	50822	0.6690409665105663	19275	27456	0.7020323426573427
heaved_VERB	1949	53025	76666	0.6916364490126001	30482	43037	0.7082742756233009
heaved_VERB	1969	103728	133865	0.7748702050573338	56476	72681	0.7770393913127227
heaved_VERB	1989	347247	420049	0.8266821251806337	174759	211978	0.824420458726849
helped_VERB	1769	2718	2770	0.9812274368231046	1353	1394	0.9705882352941176
helped_VERB	1789	7166	7516	0.9534326769558276	3574	3784	0.9445031712473573
helped_VERB	1809	22480	23725	0.9475237091675448	10377	11041	0.9398605198804456
helped_VERB	1829	51337	52980	0.9689882974707437	21131	22053	0.9581916292567905
helped_VERB	1849	113672	115427	0.9847955850884108	39524	40641	0.9725154400728329
helped_VERB	1869	241571	243471	0.9921961958508405	68078	69329	0.981955602994418
helped_VERB	1889	530600	533251	0.9950286075412892	129158	131045	0.9856003662863901
helped_VERB	1909	719977	721736	0.9975628207544033	158208	159439	0.9922791788709161
helped_VERB	1929	867268	868820	0.9982136691144311	148048	149052	0.9932640957518182
helped_VERB	1949	2003029	2005354	0.9988406037038847	309289	311010	0.9944664158708724
helped_VERB	1969	4298364	4300788	0.9994363823559775	651150	653001	0.997165394846256
helped_VERB	1989	11667317	11672725	0.9995366977291078	1564134	1567842	0.9976349657682343
hewed_VERB	1769	1482	3273	0.45279560036663613	913	2024	0.45108695652173914
hewed_VERB	1789	2273	6571	0.3459138639476488	1563	4085	0.38261933904528767
hewed_VERB	1809	2674	11056	0.24185962373371925	1924	5967	0.3224400871459695
hewed_VERB	1829	4371	19426	0.22500772161021312	3510	11582	0.30305646693144533
hewed_VERB	1849	6693	27507	0.24331988221180062	5247	16472	0.31854055366682854
hewed_VERB	1869	8694	35239	0.24671528703992734	6498	20774	0.3127948397034755
hewed_VERB	1889	14478	49124	0.29472355671362266	10619	31683	0.3351639680585803
hewed_VERB	1909	12043	37442	0.32164414294108223	8956	26305	0.34046759171260216
hewed_VERB	1929	8320	26791	0.3105520510619238	6569	19447	0.337789890471538
hewed_VERB	1949	12433	41004	0.3032143205540923	10046	29360	0.34216621253405993
hewed_VERB	1969	16191	53708	0.3014634691293662	12584	37583	0.3348322379799377
hewed_VERB	1989	35044	117063	0.2993601735817466	27327	83098	0.32885267996823025
kneeled_VERB	1769	645	858	0.7517482517482518	384	541	0.7097966728280961
kneeled_VERB	1789	1871	3737	0.5006689858175006	1120	2174	0.515179392824287
kneeled_VERB	1809	6463	15043	0.42963504620089077	3573	7867	0.4541756705224355
kneeled_VERB	1829	10602	38594	0.27470591283619217	5511	17118	0.3219418156326674
kneeled_VERB	1849	12305	66274	0.18566858798322117	6607	27840	0.23732040229885057
kneeled_VERB	1869	11953	86011	0.13897059678413226	6845	35606	0.19224288041341347
kneeled_VERB	1889	17049	132395	0.1287737452320707	9948	55306	0.17987198495642426
kneeled_VERB	1909	11721	110833	0.10575370151489177	6929	47738	0.14514642423226778
kneeled_VERB	1929	7896	84379	0.09357778594199978	4957	35651	0.13904238310285827
kneeled_VERB	1949	11240	118559	0.0948051181268398	7273	52884	0.13752741850086983
kneeled_VERB	1969	20866	229005	0.09111591449968341	13580	96973	0.1400389799222464
kneeled_VERB	1989	88348	899241	0.09824729966716375	53285	333854	0.15960569590299953
knowed_VERB	1769	23	173828	0.00013231470188922382	4	10151	0.00039404984730568416
knowed_VERB	1789	34	569088	5.974471434997751e-05	22	26555	0.0008284692148371305
knowed_VERB	1809	132	1600173	8.249108065190451e-05	89	63267	0.0014067365293122798
knowed_VERB	1829	851	2857082	0.00029785634434013447	361	107327	0.003363552507756669
knowed_VERB	1849	3721	4365266	0.000852410826739997	1572	155854	0.010086362878078202
knowed_VERB	1869	7354	6182165	0.0011895509097541073	2953	222666	0.013262015754538187
knowed_VERB	1889	18695	10482792	0.0017833989265455233	6084	380360	0.015995372804711326
knowed_VERB	1909	19203	11301692	0.001699126113151907	5726	447645	0.012791386031341799
knowed_VERB	1929	16587	10198367	0.0016264368599404199	3872	385399	0.010046730790687054
knowed_VERB	1949	17803	18570412	0.0009586755533479817	4589	755488	0.006074219577279851
knowed_VERB	1969	34051	32846480	0.0010366712049510328	8901	1492967	0.005961953613174303
knowed_VERB	1989	90392	84311685	0.00107211710927139	26221	3449882	0.0076005498159067465
leaned_VERB	1769	763	847	0.9008264462809917	530	596	0.889261744966443
leaned_VERB	1789	3084	3530	0.8736543909348442	1936	2276	0.8506151142355008
leaned_VERB	1809	9795	11611	0.8435965894410473	5848	7150	0.8179020979020979
leaned_VERB	1829	22276	27762	0.8023917585188387	11699	14950	0.7825418060200668
leaned_VERB	1849	44106	55037	0.8013881570579792	19743	25856	0.7635751856435643
leaned_VERB	1869	66636	84061	0.7927100557928172	26845	36107	0.7434846428670341
leaned_VERB	1889	176617	201009	0.8786521996527519	51266	62849	0.8157011249184554
leaned_VERB	1909	212845	240377	0.8854632514758067	53955	65214	0.8273530223571626
leaned_VERB	1929	211384	233507	0.9052576582286612	48909	57510	0.8504434011476265
leaned_VERB	1949	306145	335296	0.9130589091429662	84225	97575	0.8631821675634127
leaned_VERB	1969	772465	816300	0.9463003797623423	157358	177235	0.8878494653990464
leaned_VERB	1989	3550809	3687432	0.9629490116699101	471567	523069	0.9015388027201
leaped_VERB	1769	1280	1618	0.7911001236093943	733	956	0.7667364016736402
leaped_VERB	1789	4710	5524	0.8526430123099203	2635	3194	0.8249843456480902
leaped_VERB	1809	13325	15943	0.8357900018817036	6990	8755	0.7984009137635637
leaped_VERB	1829	25566	30282	0.844263919159897	12913	16164	0.7988740410789409
leaped_VERB	1849	47392	56275	0.8421501554864504	20639	26283	0.7852604345013887
leaped_VERB	1869	60669	75887	0.7994649940042432	26054	34895	0.7466399197592778
leaped_VERB	1889	134163	167599	0.8005000029833114	48109	64411	0.7469065842790827
leaped_VERB	1909	147020	192448	0.7639466245427337	47986	68475	0.7007813070463673
leaped_VERB	1929	112334	159649	0.7036310907052347	37324	56696	0.6583180471285452
leaped_VERB	1949	151898	219988	0.6904831172609415	58711	90036	0.6520836110000444
leaped_VERB	1969	267327	392185	0.6816349426928617	101577	159720	0.635969196093163
leaped_VERB	1989	791824	1293197	0.6122995954985977	267509	464827	0.5755022836453132
learned_VERB	1769	23849	28012	0.8513851206625732	4007	5559	0.7208130958805541
learned_VERB	1789	73732	89224	0.8263695866582982	10902	16052	0.6791677049588837
learned_VERB	1809	215711	265112	0.8136598871420381	27094	40788	0.6642639992154555
learned_VERB	1829	393601	467348	0.8422011006787233	47347	68601	0.6901794434483463
learned_VERB	1849	571525	689892	0.8284267682477837	67644	97040	0.697073371805441
learned_VERB	1869	757429	930416	0.8140756392839332	93639	135531	0.6909046638776368
learned_VERB	1889	1358661	1603534	0.8472916695249368	164461	221320	0.7430914512922465
learned_VERB	1909	1484880	1726635	0.8599848838926583	187837	244309	0.7688501037620391
learned_VERB	1929	1503772	1700697	0.884209238917926	160250	204405	0.783982779286221
learned_VERB	1949	2809669	3184871	0.8821924027692173	308712	395722	0.7801234199766502
learned_VERB	1969	5295913	5832247	0.908039902973931	626388	774357	0.808913718091268
learned_VERB	1989	14344535	15479664	0.9266696615637136	1538130	1852584	0.8302619476363825
pitched_VERB	1769	3068	3087	0.9938451571104633	1422	1436	0.9902506963788301
pitched_VERB	1789	8531	8582	0.9940573292938709	3611	3658	0.987151448879169
pitched_VERB	1809	23434	23557	0.9947786220656281	9078	9170	0.9899672846237731
pitched_VERB	1829	39963	40073	0.9972550096074664	15761	15860	0.9937578814627995
pitched_VERB	1849	65217	65317	0.9984690050063536	23591	23682	0.9961574191368973
pitched_VERB	1869	74277	74442	0.9977835093092609	29663	29774	0.9962719150937059
pitched_VERB	1889	112286	112682	0.9964856853800962	49082	49349	0.9945895560193723
pitched_VERB	1909	96867	97080	0.997805933250927	45536	45704	0.9963241729389113
pitched_VERB	1929	77425	77615	0.9975520195838433	37372	37506	0.9964272383085373
pitched_VERB	1949	125390	125684	0.9976608001018428	63569	63784	0.9966292487144112
pitched_VERB	1969	215994	216241	0.9988577559297266	109788	109999	0.9980818007436432
pitched_VERB	1989	659870	660447	0.9991263492755664	310892	311317	0.9986348320200953
quaked_VERB	1769	61	65	0.9384615384615385	57	61	0.9344262295081968
quaked_VERB	1789	188	201	0.9353233830845771	165	175	0.9428571428571428
quaked_VERB	1809	719	730	0.9849315068493151	619	630	0.9825396825396825
quaked_VERB	1829	1589	1595	0.9962382445141066	1408	1414	0.9957567185289957
quaked_VERB	1849	2323	2333	0.9957136733819117	2058	2068	0.995164410058027
quaked_VERB	1869	3266	3268	0.9993880048959608	2784	2786	0.9992821249102656
quaked_VERB	1889	5927	5940	0.9978114478114478	4797	4808	0.997712146422629
quaked_VERB	1909	4713	4722	0.9980940279542567	4048	4056	0.9980276134122288
quaked_VERB	1929	3436	3451	0.995653433787308	2891	2906	0.9948382656572609
quaked_VERB	1949	5180	5206	0.9950057625816365	4390	4415	0.9943374858437146
quaked_VERB	1969	9033	9074	0.9954815957681287	7446	7469	0.9969206051680278
quaked_VERB	1989	31847	31911	0.997994421986149	25404	25462	0.9977220956719818
shaked_VERB	1769	17	6278	0.00270786874800892	16	3217	0.004973577867578489
shaked_VERB	1789	102	23966	0.0042560293749478425	92	11240	0.008185053380782919
shaked_VERB	1809	377	76790	0.004909493423622868	315	32032	0.009833916083916084
shaked_VERB	1829	770	155318	0.004957570919017757	378	55565	0.006802843516602178
shaked_VERB	1849	443	259663	0.0017060574667934977	360	82787	0.004348508823849155
shaked_VERB	1869	467	358122	0.0013040248853742578	391	111125	0.003518560179977503
shaked_VERB	1889	684	667249	0.0010251045711570943	585	180016	0.003249711136787841
shaked_VERB	1909	531	756024	0.0007023586552807848	427	184352	0.002316221142162819
shaked_VERB	1929	483	666112	0.0007251032859338971	327	152927	0.0021382751247327157
shaked_VERB	1949	1164	991519	0.0011739563235802844	791	270103	0.0029285124563592406
shaked_VERB	1969	1537	1998286	0.0007691591694081828	1213	466848	0.0025982760984303243
shaked_VERB	1989	2991	7560778	0.0003955942100138372	2309	1186844	0.0019454957854612737
sheared_VERB	1769	30	350	0.08571428571428572	23	211	0.10900473933649289
sheared_VERB	1789	133	1347	0.09873793615441723	106	920	0.11521739130434783
sheared_VERB	1809	469	4726	0.0992382564536606	373	3345	0.11150971599402093
sheared_VERB	1829	827	10736	0.07703055141579732	617	7762	0.07948982221077042
sheared_VERB	1849	1891	18325	0.10319236016371078	1275	13459	0.09473214949104689
sheared_VERB	1869	3304	24538	0.13464830059499552	2061	17738	0.11619122787236441
sheared_VERB	1889	7509	40509	0.18536621491520403	4293	28876	0.1486701759246433
sheared_VERB	1909	11536	43788	0.2634511738375811	6305	30331	0.20787313309815042
sheared_VERB	1929	11870	36606	0.3242637818936786	6741	24778	0.27205585600129145
sheared_VERB	1949	21457	61716	0.34767321278112645	12107	41396	0.29246787129191226
sheared_VERB	1969	38175	90775	0.4205453043238777	21939	62216	0.35262633406197763
sheared_VERB	1989	73861	180284	0.4096924851900335	46881	130651	0.3588261857926843
shined_VERB	1769	289	3084	0.0937094682230869	173	1586	0.10907944514501891
shined_VERB	1789	843	11006	0.07659458477194257	570	5410	0.10536044362292052
shined_VERB	1809	3097	37682	0.08218778196486386	1993	16571	0.12027035181944361
shined_VERB	1829	5466	72595	0.07529444176596184	3126	28819	0.10847010652694403
shined_VERB	1849	4457	115311	0.038651993305061964	3112	42309	0.07355409014630457
shined_VERB	1869	4292	147744	0.029050249079488846	3223	53163	0.0606248706807366
shined_VERB	1889	4813	243883	0.01973487286936769	3689	82461	0.04473629958404579
shined_VERB	1909	4826	214945	0.022452255228081603	3825	76383	0.050076587722398966
shined_VERB	1929	6317	163365	0.038668013344351604	4987	58195	0.08569464730646963
shined_VERB	1949	10743	221065	0.04859656662067718	8403	91124	0.0922150037311795
shined_VERB	1969	22676	340795	0.06653853489634531	17375	147660	0.11766896925369091
shined_VERB	1989	107771	1078550	0.09992211765796671	72735	441574	0.16471757848061708
slayed_VERB	1769	7	7044	0.0009937535491198182	7	1549	0.004519044544867657
slayed_VERB	1789	20	28235	0.0007083407118824154	20	5283	0.0037857278061707365
slayed_VERB	1809	22	84841	0.0002593085890076732	22	14618	0.0015049938432070051
slayed_VERB	1829	47	132542	0.0003546045781714475	41	24770	0.0016552280985062575
slayed_VERB	1849	83	175013	0.00047425048424974144	70	33591	0.0020838915185615193
slayed_VERB	1869	101	195059	0.0005177920526609897	82	40881	0.0020058217753968835
slayed_VERB	1889	191	257055	0.0007430316469238101	155	61278	0.002529455922190672
slayed_VERB	1909	135	174588	0.0007732490205512407	117	50865	0.00230020642878207
slayed_VERB	1929	222	107609	0.002063024468213625	156	33430	0.00466646724498953
slayed_VERB	1949	428	164885	0.0025957485520211056	347	53200	0.006522556390977444
slayed_VERB	1969	1124	207953	0.005405067491211957	968	78286	0.012364918376210305
slayed_VERB	1989	4782	541156	0.008836638603286298	4034	188854	0.021360415982716808
slinked_VERB	1789	3	305	0.009836065573770493	3	258	0.011627906976744186
slinked_VERB	1809	17	1511	0.011250827266710787	14	1223	0.011447260834014717
slinked_VERB	1829	27	3313	0.008149713250830063	22	2651	0.008298755186721992
slinked_VERB	1849	45	5692	0.007905832747716092	43	4397	0.00977939504207414
slinked_VERB	1869	55	8052	0.006830601092896175	53	6286	0.008431434934775692
slinked_VERB	1889	99	14486	0.006834184730084219	96	11291	0.00850234700203702
slinked_VERB	1909	130	14665	0.008864643709512444	118	10854	0.010871568085498435
slinked_VERB	1929	167	10797	0.01546725942391405	149	8053	0.018502421457841797
slinked_VERB	1949	228	12358	0.01844958731186276	219	9750	0.02246153846153846
slinked_VERB	1969	1077	19575	0.055019157088122606	983	15769	0.06233749762191642
slinked_VERB	1989	8724	79195	0.11015846960035355	7481	60750	0.1231440329218107
smelled_VERB	1769	141	489	0.2883435582822086	90	347	0.25936599423631124
smelled_VERB	1789	399	1439	0.2772758860319666	297	1103	0.2692656391659112
smelled_VERB	1809	1181	4342	0.27199447259327497	861	3390	0.25398230088495577
smelled_VERB	1829	2002	8092	0.24740484429065743	1583	6217	0.2546244169213447
smelled_VERB	1849	2801	15216	0.1840825446898002	2177	10758	0.20236103364937721
smelled_VERB	1869	4626	23150	0.19982721382289417	3453	15911	0.21701967192508329
smelled_VERB	1889	14374	47892	0.3001336340098555	9687	30973	0.312756271591386
smelled_VERB	1909	23607	59677	0.3955795365048511	14689	36723	0.3999945538218555
smelled_VERB	1929	44282	78856	0.5615552399310135	20242	38469	0.5261899191556838
smelled_VERB	1949	80485	129399	0.6219908963747788	36355	63969	0.568322156044334
smelled_VERB	1969	208736	278004	0.7508381174371592	84095	122712	0.6853038007692809
smelled_VERB	1989	927332	1095313	0.8466365322058627	304500	392245	0.7763005264566789
sneaked_VERB	1769	67	68	0.9852941176470589	65	66	0.9848484848484849
sneaked_VERB	1789	191	192	0.9947916666666666	174	175	0.9942857142857143
sneaked_VERB	1809	682	684	0.9970760233918129	585	587	0.9965928449744463
sneaked_VERB	1829	1232	1232	1.0	1069	1069	1.0
sneaked_VERB	1849	2133	2133	1.0	1761	1761	1.0
sneaked_VERB	1869	2907	2909	0.9993124785149536	2442	2444	0.9991816693944353
sneaked_VERB	1889	7565	7580	0.9980211081794196	6016	6030	0.9976782752902156
sneaked_VERB	1909	11445	11568	0.9893672199170125	8207	8291	0.9898685321432878
sneaked_VERB	1929	15230	15609	0.9757191363956692	10075	10356	0.9728659714175357
sneaked_VERB	1949	25083	26034	0.9634708458170085	17238	17989	0.9582522652732225
sneaked_VERB	1969	55606	64769	0.8585279995059365	37841	44627	0.8479395881417079
sneaked_VERB	1989	185369	285935	0.6482906954377743	121087	186067	0.6507709588481568
spelled_VERB	1769	157	658	0.23860182370820668	100	346	0.28901734104046245
spelled_VERB	1789	647	2189	0.295568752855185	423	1311	0.32265446224256294
spelled_VERB	1809	1793	6026	0.29754397610355127	1155	3687	0.3132628152969894
spelled_VERB	1829	4338	11898	0.36459909228441756	2441	6728	0.3628121284185494
spelled_VERB	1849	9426	24453	0.3854741749478592	4678	12264	0.3814416177429876
spelled_VERB	1869	15774	35983	0.43837367645832753	8013	18811	0.42597416405294775
spelled_VERB	1889	36224	64146	0.5647117513173074	19073	36001	0.5297908391433571
spelled_VERB	1909	57641	83931	0.6867665105860766	27117	43198	0.6277373952497801
spelled_VERB	1929	64155	84839	0.7561970320253657	29462	42295	0.6965835205106987
spelled_VERB	1949	181571	222994	0.8142416387884875	79374	103684	0.7655375950001929
spelled_VERB	1969	419919	508207	0.8262755137178355	193952	245253	0.7908241693271846
spelled_VERB	1989	890053	1080689	0.8235977233042994	428559	532819	0.8043237947595713
spilled_VERB	1769	96	1059	0.0906515580736544	87	719	0.12100139082058414
spilled_VERB	1789	502	3094	0.16224951519069167	418	2198	0.19017288444040037
spilled_VERB	1809	1592	8086	0.19688350234974028	1292	5813	0.2222604507139171
spilled_VERB	1829	3415	12792	0.266963727329581	2743	9317	0.2944080712675754
spilled_VERB	1849	6018	17545	0.3430037047591907	4747	13003	0.3650695993232331
spilled_VERB	1869	7810	20478	0.3813849008692255	6134	16006	0.3832312882668999
spilled_VERB	1889	16816	34811	0.48306569762431417	13147	27613	0.4761163220222359
spilled_VERB	1909	25842	41899	0.6167688966323779	19020	31927	0.5957340182290851
spilled_VERB	1929	35481	48971	0.7245308447856895	23162	33629	0.6887507805762884
spilled_VERB	1949	72478	92077	0.7871455412317951	47652	63205	0.753927695593703
spilled_VERB	1969	195933	226701	0.8642793812113754	118434	142712	0.8298811592578059
spilled_VERB	1989	668944	748428	0.8937987354829054	364535	426921	0.8538699197275375
spoiled_VERB	1769	2795	3046	0.917596848325673	1342	1522	0.8817345597897503
spoiled_VERB	1789	7523	8154	0.9226146676477802	4111	4555	0.9025246981339188
spoiled_VERB	1809	22204	23825	0.9319622245540399	10739	11917	0.9011496181924981
spoiled_VERB	1829	33960	38088	0.8916194076874606	17733	20622	0.8599068955484435
spoiled_VERB	1849	46867	56326	0.8320668962823563	25090	31347	0.8003955721440649
spoiled_VERB	1869	64353	85562	0.7521212687875459	34094	47113	0.7236643813809353
spoiled_VERB	1889	111197	146193	0.7606178134384	59109	79696	0.7416808873720137
spoiled_VERB	1909	113609	150951	0.752621711681274	61609	82974	0.7425097018343095
spoiled_VERB	1929	94162	122123	0.7710423098024123	49852	66113	0.7540423214798905
spoiled_VERB	1949	138419	178435	0.7757390646453891	78785	103326	0.7624895960358476
spoiled_VERB	1969	216796	267794	0.8095625742174956	129505	162552	0.7966989025050445
spoiled_VERB	1989	514418	617164	0.8335191294372323	311260	377527	0.824470832549725
strewed_VERB	1769	1105	1179	0.9372349448685326	720	785	0.9171974522292994
strewed_VERB	1789	4947	5422	0.9123939505717448	2943	3307	0.8899304505594194
strewed_VERB	1809	15635	17014	0.9189491007405666	8266	9322	0.8867195880712293
strewed_VERB	1829	32164	40025	0.8035977514053716	15694	20437	0.7679209277291188
strewed_VERB	1849	37618	62386	0.6029878498381047	19691	33101	0.5948762877254463
strewed_VERB	1869	28330	75025	0.37760746417860713	17373	41445	0.4191820484980094
strewed_VERB	1889	27681	106412	0.26013043641694544	19163	62591	0.30616222779632857
strewed_VERB	1909	14737	83105	0.17732988388183624	11484	53967	0.21279670910000556
strewed_VERB	1929	9147	62801	0.14565054696581264	7072	40173	0.1760386329126528
strewed_VERB	1949	13024	94756	0.13744776056397484	9723	62570	0.15539395876618187
strewed_VERB	1969	16298	150651	0.10818381557374329	11855	102656	0.11548277743142145
strewed_VERB	1989	46635	423624	0.11008583083111438	32373	276926	0.11690126604219178
stringed_VERB	1769	22	400	0.055	16	320	0.05
stringed_VERB	1789	35	1268	0.027602523659305992	31	1002	0.03093812375249501
stringed_VERB	1809	147	3896	0.03773100616016427	107	3018	0.03545394300861498
stringed_VERB	1829	164	7791	0.021049929405724553	150	6007	0.024970867321458298
stringed_VERB	1849	227	14261	0.015917537339597505	203	10317	0.019676262479402927
stringed_VERB	1869	380	21354	0.01779526084106022	317	15250	0.02078688524590164
stringed_VERB	1889	599	43741	0.01369424567339567	529	29584	0.01788128718226068
stringed_VERB	1909	628	50530	0.012428260439342965	528	33494	0.01576401743595868
stringed_VERB	1929	726	50998	0.014235852386368092	545	31984	0.01703976988494247
stringed_VERB	1949	1379	90056	0.015312694323532024	1044	57164	0.01826324260023791
stringed_VERB	1969	2474	160212	0.015442039297930242	1929	104242	0.01850501717158151
stringed_VERB	1989	4758	389554	0.012213967768268327	3847	252915	0.015210643892216753
strived_VERB	1769	16	2397	0.006675010429703796	16	1200	0.013333333333333334
strived_VERB	1789	62	7686	0.008066614623991674	53	3695	0.014343707713125846
strived_VERB	1809	310	21476	0.014434717824548334	238	10264	0.02318784099766173
strived_VERB	1829	565	51480	0.010975135975135976	414	21916	0.01889030845044716
strived_VERB	1849	541	88055	0.006143887343137811	439	38594	0.011374825102347516
strived_VERB	1869	451	123454	0.0036531825619258995	382	55846	0.006840239229309172
strived_VERB	1889	851	196033	0.004341105834221789	725	91630	0.007912255811415475
strived_VERB	1909	743	171007	0.004344851380352851	676	88961	0.0075988354447454505
strived_VERB	1929	1133	129455	0.008752076010969063	990	67412	0.014685812614964695
strived_VERB	1949	4360	204409	0.021329784892054657	3723	113930	0.032677960150969895
strived_VERB	1969	16449	283283	0.05806560930235842	13717	172341	0.07959220382845637
strived_VERB	1989	53945	625031	0.0863077191371308	44917	375736	0.11954404156109609
swelled_VERB	1769	4854	5265	0.9219373219373219	1673	1850	0.9043243243243243
swelled_VERB	1789	11525	13038	0.8839545942629238	4958	5871	0.8444898654402998
swelled_VERB	1809	26703	34123	0.7825513583213668	11870	15924	0.7454157246922883
swelled_VERB	1829	42272	70537	0.5992883167699221	19247	31252	0.6158645846665813
swelled_VERB	1849	58871	124529	0.4727493194356335	27197	49034	0.5546559530121956
swelled_VERB	1869	58473	171855	0.34024613773239065	30027	60075	0.49982521847690387
swelled_VERB	1889	83531	249575	0.3346929780627066	47151	94880	0.49695404721753794
swelled_VERB	1909	67803	220428	0.30759703848875825	41601	89934	0.4625725532056842
swelled_VERB	1929	61829	174959	0.3533913659771718	35725	78357	0.4559260819071685
swelled_VERB	1949	100194	300248	0.33370413791265885	60871	137869	0.441513320615947
swelled_VERB	1969	167663	497224	0.33719812398436116	105648	247555	0.42676576922300097
swelled_VERB	1989	454044	1249932	0.3632549610698822	271509	618278	0.4391374106793384
telled_VERB	1769	6	80547	7.449067004357705e-05	5	4762	0.0010499790004199917
telled_VERB	1789	8	227612	3.514753176458183e-05	7	12613	0.0005549829540949814
telled_VERB	1809	65	670627	9.692422166122152e-05	61	30190	0.002020536601523683
telled_VERB	1829	124	1190163	0.00010418740962372381	94	51383	0.0018293988284062822
telled_VERB	1849	655	1803124	0.00036325843369618507	353	74202	0.004757284170237999
telled_VERB	1869	764	2649204	0.00028838851217195805	465	105211	0.004419689956373383
telled_VERB	1889	1696	4438189	0.0003821378494696823	731	176251	0.004147494198614476
telled_VERB	1909	1449	4665178	0.0003105990811068731	517	202011	0.0025592665745924727
telled_VERB	1929	644	4358443	0.00014775918831564391	271	168956	0.0016039678969672578
telled_VERB	1949	531	7789073	6.817242565321958e-05	276	321554	0.0008583317265529274
telled_VERB	1969	1038	15162448	6.845860246313788e-05	515	643916	0.0007997937619192566
telled_VERB	1989	5201	45091443	0.00011534339231503413	2078	1572844	0.0013211736192527677
throwed_VERB	1769	24	48097	0.000498991621099029	11	7656	0.0014367816091954023
throwed_VERB	1789	4	154714	2.585415670204377e-05	4	21603	0.00018515946859232513
throwed_VERB	1809	51	414939	0.00012290963250019882	43	52414	0.0008203914984546113
throwed_VERB	1829	220	805872	0.0002729962078344948	143	90164	0.0015859988465462935
throwed_VERB	1849	391	1194118	0.0003274383268655191	288	130258	0.0022109966374426137
throwed_VERB	1869	880	1389373	0.0006333792293358227	626	180114	0.003475576579277569
throwed_VERB	1889	2377	2055735	0.001156277438483073	1499	301693	0.004968627048025642
throwed_VERB	1909	3318	1770175	0.0018743909500473117	1868	325124	0.005745500178393474
throwed_VERB	1929	3729	1322669	0.0028192994619213123	1591	261058	0.006094431122585785
throwed_VERB	1949	4563	2006019	0.0022746544275004375	2009	453251	0.004432422653231874
throwed_VERB	1969	8601	3137202	0.0027416149804826086	4242	795296	0.005333863115116888
throwed_VERB	1989	19417	8591671	0.0022599794615040542	10607	1959772	0.005412364295438449
waked_VERB	1769	751	811	0.9260172626387176	486	537	0.9050279329608939
waked_VERB	1789	2070	2477	0.8356883326604764	1398	1648	0.8483009708737864
waked_VERB	1809	5671	7281	0.7788765279494575	3544	4619	0.7672656419138342
waked_VERB	1829	9002	16222	0.5549254099371225	5708	9941	0.5741877074740972
waked_VERB	1849	13421	35457	0.3785148207688186	8618	20661	0.41711437006921254
waked_VERB	1869	18371	62288	0.29493642435139994	11139	32870	0.33888043808944324
waked_VERB	1889	34938	120188	0.29069457849369323	20469	60315	0.3393683163392191
waked_VERB	1909	31659	138858	0.227995506200579	18831	65734	0.2864727538260261
waked_VERB	1929	20278	131333	0.15440140711017034	11739	53806	0.21817269449503773
waked_VERB	1949	22635	212279	0.10662854074119438	13813	89180	0.15488898856245795
waked_VERB	1969	27737	469847	0.059034111104253086	16697	182581	0.09144982227066344
waked_VERB	1989	73384	1796155	0.04085616219090223	42087	622852	0.06757142948886734
weaved_VERB	1769	22	1107	0.01987353206865402	21	816	0.025735294117647058
weaved_VERB	1789	117	4345	0.026927502876869965	87	3063	0.02840352595494613
weaved_VERB	1809	311	11163	0.02785989429364866	267	7483	0.0356808766537485
weaved_VERB	1829	404	26244	0.01539399481786313	380	14782	0.02570694087403599
weaved_VERB	1849	604	46785	0.012910120765202522	482	25759	0.018711906518110177
weaved_VERB	1869	642	75795	0.008470215713437562	576	39666	0.014521252458024504
weaved_VERB	1889	1443	145491	0.009918139266346371	1220	75751	0.016105397948541933
weaved_VERB	1909	1450	188837	0.007678579939312741	1264	88071	0.014352056863212635
weaved_VERB	1929	2179	193185	0.01127934363434014	1793	80292	0.022330991879639318
weaved_VERB	1949	4555	314379	0.014488881254791192	3763	137725	0.027322563078598656
weaved_VERB	1969	12570	525236	0.02393209909450228	10092	240575	0.04194949599916866
weaved_VERB	1989	52330	1241902	0.042136980212609365	40765	626014	0.06511835198573834
worked_VERB	1769	6815	16384	0.41595458984375	2000	4549	0.43965706748735983
worked_VERB	1789	20285	52112	0.3892577525330058	6127	13413	0.45679564601506
worked_VERB	1809	62968	153657	0.4097958439901859	16247	35460	0.4581782289904117
worked_VERB	1829	157008	317515	0.4944900240933499	33660	67111	0.5015571217833142
worked_VERB	1849	331509	541540	0.6121597665915722	57318	104166	0.5502563216404585
worked_VERB	1869	623015	876179	0.7110590415885338	91252	153866	0.5930614950671363
worked_VERB	1889	1221383	1579745	0.7731519960499954	166472	268564	0.6198596982469727
worked_VERB	1909	1683371	1959665	0.8590095756162406	207902	306106	0.6791830281013767
worked_VERB	1929	1729457	1882960	0.9184778221523558	184696	248446	0.7434050055142768
worked_VERB	1949	3546577	3769285	0.9409150541813633	365166	463740	0.7874369258636305
worked_VERB	1969	7367829	7651301	0.9629511373294555	732939	878671	0.8341449757645353
worked_VERB	1989	18763433	19463450	0.9640342796369605	1682509	2013183	0.8357456823348896
bended_VERB	1769	360	4128	0.0872093023255814	228	2045	0.11149144254278728
bended_VERB	1789	714	13504	0.05287322274881517	512	6312	0.08111533586818757
bended_VERB	1809	1538	42102	0.0365303311006603	1258	17095	0.07358876864580287
bended_VERB	1829	2192	88392	0.024798624309892298	1728	30285	0.05705794947994056
bended_VERB	1849	2588	153010	0.016913927194301025	2147	46859	0.04581830598177511
bended_VERB	1869	2905	221481	0.013116249249371277	2259	66632	0.03390262936727098
bended_VERB	1889	3579	402437	0.008893317463354512	3148	113262	0.027793964436439406
bended_VERB	1909	2538	406128	0.00624926131662924	2086	118249	0.017640741147916684
bended_VERB	1929	1713	321489	0.005328331606991219	1393	93844	0.01484378329994459
bended_VERB	1949	2749	470293	0.005845292190187819	2103	161499	0.013021752456671557
bended_VERB	1969	3525	829840	0.004247806806131302	2805	281655	0.00995899238429994
bended_VERB	1989	10106	2382658	0.004241481572260895	7999	695879	0.011494814472056206
bited_VERB	1769	164	1704	0.09624413145539906	145	1007	0.14399205561072492
bited_VERB	1789	411	5568	0.0738146551724138	373	3441	0.10839872130194711
bited_VERB	1809	803	14121	0.05686566107216203	767	8476	0.09049079754601227
bited_VERB	1829	691	23058	0.029967907017087344	665	13904	0.04782796317606444
bited_VERB	1849	617	38762	0.015917651307982044	573	22714	0.025226732411728448
bited_VERB	1869	341	62081	0.00549282389136773	330	34237	0.009638694979116161
bited_VERB	1889	230	109141	0.002107365701248843	210	62284	0.003371652430800848
bited_VERB	1909	134	130456	0.0010271662476237199	131	70205	0.0018659639626807207
bited_VERB	1929	117	118809	0.0009847738807666085	100	62842	0.001591292447726043
bited_VERB	1949	367	189686	0.0019347764199782798	312	104987	0.002971796508139103
bited_VERB	1969	773	475452	0.0016258213237088075	723	210982	0.003426832620792295
bited_VERB	1989	904	1490548	0.0006064883519349931	807	610405	0.0013220730498603387
blended_VERB	1769	3725	3738	0.9965222043873729	1764	1777	0.9926842993809791
blended_VERB	1789	11710	11745	0.9970200085142614	5358	5384	0.9951708766716196
blended_VERB	1809	29268	29339	0.9975800129520433	12943	13005	0.9952326028450595
blended_VERB	1829	56013	56403	0.9930854741769055	22725	23048	0.9859857688302672
blended_VERB	1849	73641	74631	0.9867347348956867	30010	30821	0.9736867720060998
blended_VERB	1869	73831	75435	0.978736660701266	34256	35416	0.9672464422859725
blended_VERB	1889	94450	97378	0.9699316067284192	48330	50618	0.954798688213679
blended_VERB	1909	76540	78610	0.9736674723317644	43103	44809	0.9619272913923542
blended_VERB	1929	68165	69202	0.9850148839628913	35964	36737	0.9789585431581239
blended_VERB	1949	129837	131053	0.9907213112252294	67831	68877	0.9848135081376947
blended_VERB	1969	249510	250821	0.9947731649263818	124429	125544	0.9911186516281144
blended_VERB	1989	636216	640465	0.9933657576916771	320127	323297	0.990194774464347
builded_VERB	1769	385	40428	0.009523102800039577	191	3987	0.04790569350388763
builded_VERB	1789	1121	137156	0.00817317507072239	611	11375	0.053714285714285714
builded_VERB	1809	4238	363062	0.011672937404630613	2008	28578	0.0702638393169571
builded_VERB	1829	7098	594386	0.011941734832247058	3765	49853	0.07552203478225984
builded_VERB	1849	9394	829031	0.011331301242052469	5454	72711	0.07500928332714445
builded_VERB	1869	13665	1272503	0.010738678022763012	8250	104799	0.07872212521111843
builded_VERB	1889	28761	2216617	0.012975177940077154	16586	188889	0.08780818364224492
builded_VERB	1909	30710	2583537	0.011886804795131635	18372	225792	0.08136692176870748
builded_VERB	1929	14209	2448352	0.005803495575799558	8855	195189	0.04536628600996982
builded_VERB	1949	13950	4676570	0.0029829554566701663	9073	376085	0.024124865389473123
builded_VERB	1969	13971	8036983	0.0017383388766655347	9217	733793	0.012560763048979753
builded_VERB	1989	38332	17316763	0.0022135776761511377	22861	1666903	0.013714655261883864
chided_VERB	1769	28	473	0.05919661733615222	21	306	0.06862745098039216
chided_VERB	1789	84	1368	0.06140350877192982	72	932	0.07725321888412018
chided_VERB	1809	415	3716	0.11167922497308934	349	2553	0.13670191931061496
chided_VERB	1829	952	4455	0.21369248035914704	814	3523	0.23105307976156686
chided_VERB	1849	1446	5921	0.24421550413781457	1223	4578	0.2671472258628222
chided_VERB	1869	1924	6984	0.2754868270332188	1658	5229	0.31707783515012433
chided_VERB	1889	4003	11010	0.36357856494096275	3454	8678	0.3980179764922793
chided_VERB	1909	6957	11720	0.5936006825938567	5683	9340	0.6084582441113491
chided_VERB	1929	9387	12452	0.7538548024413749	7189	9467	0.7593746699059892
chided_VERB	1949	23897	27703	0.8626141573114825	18180	21199	0.8575876220576443
chided_VERB	1969	63509	67488	0.9410413703176861	44322	47561	0.9318979836420597
chided_VERB	1989	185707	198325	0.9363771587041473	120873	130272	0.9278509579955785
glided_VERB	1769	287	292	0.9828767123287672	235	240	0.9791666666666666
glided_VERB	1789	1663	1673	0.9940227136879857	1140	1150	0.991304347826087
glided_VERB	1809	7067	7089	0.9968966003667654	4060	4080	0.9950980392156863
glided_VERB	1829	18445	18497	0.997188733308104	9128	9178	0.9945521900196121
glided_VERB	1849	35583	35645	0.9982606256136906	16380	16438	0.9964715902177881
glided_VERB	1869	39558	39620	0.9984351337708228	20026	20086	0.9970128447674997
glided_VERB	1889	59170	59265	0.9983970302876909	29727	29820	0.9968812877263582
glided_VERB	1909	44789	44872	0.9981502941700838	23487	23570	0.9964785744590581
glided_VERB	1929	28453	28532	0.9972311790270574	15811	15886	0.9952788618909731
glided_VERB	1949	38438	38577	0.9963968167560981	22607	22719	0.995070205554822
glided_VERB	1969	67697	67913	0.9968194601917159	40038	40211	0.995697694660665
glided_VERB	1989	258901	259365	0.9982110153644478	139525	139950	0.9969632011432654
lighted_VERB	1769	2707	4779	0.5664364929901653	1424	2706	0.5262379896526238
lighted_VERB	1789	10652	16774	0.6350304041969715	4956	8599	0.5763460867542738
lighted_VERB	1809	38085	51957	0.7330099890293897	14301	22180	0.6447700631199279
lighted_VERB	1829	85347	109330	0.7806366047745358	27530	40340	0.6824491819533961
lighted_VERB	1849	141284	192928	0.7323146458782551	42509	66571	0.6385513211458443
lighted_VERB	1869	189720	274914	0.6901067242846854	58148	95134	0.6112220657178296
lighted_VERB	1889	318153	480032	0.6627745650289981	96224	159117	0.6047373944958742
lighted_VERB	1909	285601	494691	0.5773321123691355	93496	165005	0.5666252537801885
lighted_VERB	1929	189670	400254	0.47387408995287994	66518	129461	0.51380724697013
lighted_VERB	1949	228733	614238	0.3723849712977706	91786	217332	0.42233081184547144
lighted_VERB	1969	262609	1074655	0.2443658662547515	116526	367498	0.3170792766219136
lighted_VERB	1989	597016	3138841	0.19020268946404104	234940	930053	0.25260925990239264
melted_VERB	1769	6075	6411	0.9475900795507721	1788	2072	0.862934362934363
melted_VERB	1789	17193	18061	0.9519406455899452	5303	5984	0.8861965240641712
melted_VERB	1809	36672	37138	0.9874522052883838	12952	13316	0.9726644638029438
melted_VERB	1829	60974	61587	0.9900466007436635	22474	22960	0.9788327526132404
melted_VERB	1849	98628	99871	0.9875539445885192	34035	35072	0.970432253649635
melted_VERB	1869	125464	127556	0.9835993602809746	44465	46050	0.9655808903365907
melted_VERB	1889	199704	204836	0.974945810306782	71865	75473	0.952194824639275
melted_VERB	1909	196277	204313	0.9606681904724613	71263	75858	0.9394262965013578
melted_VERB	1929	157916	165525	0.9540311131249056	56644	60936	0.9295654457135355
melted_VERB	1949	240709	255089	0.9436275182387324	95408	103500	0.921816425120773
melted_VERB	1969	398846	424500	0.9395665488810365	159344	173244	0.9197663411142666
melted_VERB	1989	1046575	1099343	0.9520004220702729	426989	456972	0.9343876648897526
pleaded_VERB	1769	6546	6779	0.9656291488420121	1862	1960	0.95
pleaded_VERB	1789	16451	16734	0.9830883231743756	5195	5416	0.9591949778434269
pleaded_VERB	1809	48361	49234	0.9822683511394564	13612	14193	0.9590643274853801
pleaded_VERB	1829	75248	76578	0.9826320875447256	20947	21764	0.9624609446792869
pleaded_VERB	1849	92820	94207	0.9852771025507658	28612	29661	0.9646336940763967
pleaded_VERB	1869	119807	121577	0.9854413252506642	38009	39291	0.9673716627217429
pleaded_VERB	1889	167050	170122	0.9819423707692126	60370	62439	0.9668636589311168
pleaded_VERB	1909	167346	170919	0.9790953609604549	59681	62281	0.958253721038519
pleaded_VERB	1929	133511	138612	0.9631994343924047	50150	53521	0.9370153771416827
pleaded_VERB	1949	247692	254991	0.9713754603103639	93972	98977	0.949432696485042
pleaded_VERB	1969	421570	437471	0.9636524478193983	168023	177665	0.9457293220386683
pleaded_VERB	1989	1054887	1127594	0.9355202315727115	421248	457755	0.9202477307730118
slided_VERB	1769	2	657	0.0030441400304414	2	491	0.004073319755600814
slided_VERB	1789	52	1630	0.03190184049079755	50	1197	0.04177109440267335
slided_VERB	1809	426	3172	0.1343001261034048	377	2546	0.14807541241162608
slided_VERB	1829	637	6951	0.09164149043303121	551	5171	0.10655579191645717
slided_VERB	1849	770	13604	0.05660099970596883	690	9038	0.07634432396547909
slided_VERB	1869	708	21332	0.033189574348396776	612	13811	0.04431250452537832
slided_VERB	1889	737	49647	0.014844804318488529	594	28147	0.02110349237929442
slided_VERB	1909	368	74156	0.004962511462322671	339	35317	0.009598776793045842
slided_VERB	1929	249	89018	0.002797187085757937	224	34558	0.00648185658892297
slided_VERB	1949	574	145547	0.003943743258191512	474	58009	0.008171145856677412
slided_VERB	1969	1409	403547	0.0034915387798695073	1112	120005	0.009266280571642848
slided_VERB	1989	3015	1875627	0.0016074624645518538	2513	387065	0.0064924495885703955
speeded_VERB	1769	24	354	0.06779661016949153	20	223	0.08968609865470852
speeded_VERB	1789	89	1464	0.060792349726775954	71	869	0.08170310701956271
speeded_VERB	1809	360	4260	0.08450704225352113	282	2710	0.10405904059040591
speeded_VERB	1829	667	10389	0.06420252189816152	570	6212	0.09175788795878943
speeded_VERB	1849	993	21627	0.04591482868636427	873	12594	0.06931872320152453
speeded_VERB	1869	1211	34662	0.03493739541861404	1009	19313	0.05224460208149951
speeded_VERB	1889	3405	69763	0.04880810744950762	2713	36562	0.0742027241398173
speeded_VERB	1909	11843	83216	0.14231638146510286	8673	44344	0.19558452101749954
speeded_VERB	1929	31710	85672	0.370132598748716	21094	48533	0.43463210598973895
speeded_VERB	1949	69535	145073	0.479310416135325	46660	87702	0.5320289161022553
speeded_VERB	1969	103271	236448	0.43675987955068346	75600	149373	0.5061155630535639
speeded_VERB	1989	138292	641195	0.21567853773033166	103512	357232	0.2897612755856138
spitted_VERB	1769	65	178	0.3651685393258427	59	137	0.4306569343065693
spitted_VERB	1789	185	618	0.2993527508090615	154	450	0.3422222222222222
spitted_VERB	1809	495	1631	0.3034947884733292	444	1251	0.354916067146283
spitted_VERB	1829	793	3299	0.2403758714762049	698	2628	0.2656012176560122
spitted_VERB	1849	1339	7423	0.18038528896672504	1188	5445	0.21818181818181817
spitted_VERB	1869	1791	11763	0.15225707727620505	1547	8131	0.19025950067642355
spitted_VERB	1889	2868	24754	0.11586006302011796	2589	16465	0.15724263589432128
spitted_VERB	1909	2251	36088	0.062375304810463314	1990	22228	0.08952672305200648
spitted_VERB	1929	1581	50260	0.03145642658177477	1384	24051	0.05754438484886283
spitted_VERB	1949	2514	75674	0.03322144990353358	2163	38952	0.05552988293284042
spitted_VERB	1969	3556	150680	0.023599681444119988	2943	74032	0.0397530797492976
spitted_VERB	1989	9280	484686	0.019146416442810395	7840	222166	0.035288928098809
threaded_VERB	1769	48	57	0.8421052631578947	40	49	0.8163265306122449
threaded_VERB	1789	142	180	0.7888888888888889	112	146	0.7671232876712328
threaded_VERB	1809	605	703	0.8605974395448079	528	618	0.8543689320388349
threaded_VERB	1829	3817	3956	0.9648634984833164	2868	2992	0.9585561497326203
threaded_VERB	1849	8961	9157	0.9785956099159113	6436	6617	0.972646214296509
threaded_VERB	1869	13339	13556	0.9839923281203895	9320	9528	0.9781696053736356
threaded_VERB	1889	31760	32170	0.9872552067143301	18422	18819	0.97890429884691
threaded_VERB	1909	41053	41346	0.9929134620035795	21310	21580	0.9874884151992586
threaded_VERB	1929	35504	35629	0.9964916219933201	18278	18395	0.9936395759717315
threaded_VERB	1949	61949	62121	0.9972312100577905	31178	31336	0.9949578759254532
threaded_VERB	1969	107573	107820	0.9977091448710814	56404	56629	0.9960267707358421
threaded_VERB	1989	269617	270186	0.9978940433627205	148708	149234	0.99647533403916
treaded_VERB	1769	8	2522	0.0031720856463124504	6	1593	0.003766478342749529
treaded_VERB	1789	11	8487	0.0012960999175209143	11	5246	0.0020968356843309188
treaded_VERB	1809	15	24704	0.0006071891191709844	15	15148	0.0009902297332981252
treaded_VERB	1829	42	49989	0.0008401848406649463	42	29046	0.0014459822350753977
treaded_VERB	1849	115	75876	0.0015156307659866097	83	44242	0.001876045386736585
treaded_VERB	1869	79	86247	0.0009159738889468619	70	51770	0.0013521344407958276
treaded_VERB	1889	180	115531	0.001558023387662186	179	74158	0.002413765204023841
treaded_VERB	1909	266	93305	0.002850865441294679	255	63438	0.004019672751347772
treaded_VERB	1929	412	62949	0.006544980857519579	384	42914	0.008948128815771077
treaded_VERB	1949	1062	88782	0.011961884165709265	944	63465	0.014874340187504925
treaded_VERB	1969	3384	118634	0.028524706239358027	2958	87519	0.03379837520995441
treaded_VERB	1989	13403	305388	0.04388843045568261	11662	216362	0.05390040765014189
sitted_VERB	1769	1599	9094	0.17583021772597318	422	2653	0.15906520919713532
sitted_VERB	1789	4704	44763	0.10508679042959587	1254	9341	0.13424686864361418
sitted_VERB	1809	571	170864	0.0033418391235134374	122	23718	0.005143772662113163
sitted_VERB	1829	12	346043	3.467777125964114e-05	7	40802	0.00017156021763639037
sitted_VERB	1849	58	614021	9.445931002359855e-05	20	58916	0.0003394663588838346
sitted_VERB	1869	25	885623	2.8228715830550923e-05	18	81378	0.00022119000221190003
sitted_VERB	1889	9	1616428	5.567832282044112e-06	8	134357	5.954285969469399e-05
sitted_VERB	1909	12	1753235	6.844490327879605e-06	8	141310	5.6613120090580995e-05
sitted_VERB	1929	28	1612181	1.7367776943159607e-05	23	116067	0.00019816140677367383
sitted_VERB	1949	113	2290592	4.933222503178218e-05	79	211936	0.00037275403895515626
sitted_VERB	1969	553	4350257	0.0001271189265369839	265	409499	0.0006471322274291268
sitted_VERB	1989	585	15174378	3.855182729730339e-05	387	1081359	0.00035788299722848746
betted_VERB	1789	43	146	0.2945205479452055	40	141	0.28368794326241137
betted_VERB	1809	141	326	0.4325153374233129	137	322	0.4254658385093168
betted_VERB	1829	225	489	0.4601226993865031	208	454	0.4581497797356828
betted_VERB	1849	379	900	0.4211111111111111	348	857	0.40606767794632437
betted_VERB	1869	385	1130	0.3407079646017699	359	1089	0.32966023875114786
betted_VERB	1889	520	2002	0.2597402597402597	486	1871	0.25975414216996257
betted_VERB	1909	311	2038	0.15260058881256133	295	1921	0.15356585111920876
betted_VERB	1929	338	2848	0.11867977528089887	322	2571	0.12524309607156747
betted_VERB	1949	323	4643	0.06956709024337712	311	4195	0.07413587604290822
betted_VERB	1969	328	10847	0.030238775698349773	317	9338	0.03394731205825659
betted_VERB	1989	944	40046	0.023572891175148578	908	33754	0.026900515494459917
fitted_VERB	1769	360	374	0.9625668449197861	315	329	0.9574468085106383
fitted_VERB	1789	1003	1029	0.9747327502429544	912	937	0.9733191035218783
fitted_VERB	1809	3243	3286	0.9869141813755326	2878	2915	0.9873070325900515
fitted_VERB	1829	5477	5615	0.9754229741763134	4944	5064	0.976303317535545
fitted_VERB	1849	8660	8856	0.9778681120144534	7858	8046	0.9766343524732787
fitted_VERB	1869	10367	10573	0.980516409722879	9488	9685	0.9796592669075891
fitted_VERB	1889	17265	17676	0.9767481330617787	15933	16330	0.9756889161053276
fitted_VERB	1909	18108	18500	0.9788108108108108	16816	17198	0.9777881148970811
fitted_VERB	1929	15770	16179	0.9747203164596081	14747	15143	0.9738493033084593
fitted_VERB	1949	24890	26515	0.9387139355082029	23361	24917	0.9375526748806036
fitted_VERB	1969	35052	45229	0.7749894978885229	32828	42533	0.7718242305974184
fitted_VERB	1989	66316	115272	0.5753001596224582	61827	108040	0.5722602739726027
knitted_VERB	1789	5	74	0.06756756756756757	5	73	0.0684931506849315
knitted_VERB	1809	28	175	0.16	28	175	0.16
knitted_VERB	1829	66	447	0.1476510067114094	66	433	0.15242494226327943
knitted_VERB	1849	220	979	0.2247191011235955	214	937	0.22838847385272146
knitted_VERB	1869	451	1397	0.3228346456692913	436	1340	0.3253731343283582
knitted_VERB	1889	1032	2733	0.37760702524698136	1004	2634	0.381169324221716
knitted_VERB	1909	1589	3071	0.5174210354933246	1503	2922	0.5143737166324436
knitted_VERB	1929	1586	2692	0.5891530460624071	1498	2573	0.5821997668091722
knitted_VERB	1949	2239	3687	0.6072687822077569	2086	3465	0.602020202020202
knitted_VERB	1969	4370	6460	0.6764705882352942	3992	5951	0.6708116282977651
knitted_VERB	1989	12926	18904	0.68377063055438	11920	17457	0.6828206450134616
patted_VERB	1769	51	57	0.8947368421052632	49	55	0.8909090909090909
patted_VERB	1789	115	125	0.92	103	113	0.911504424778761
patted_VERB	1809	52	120	0.43333333333333335	52	120	0.43333333333333335
patted_VERB	1829	194	241	0.8049792531120332	192	239	0.803347280334728
patted_VERB	1849	443	539	0.8218923933209648	434	530	0.8188679245283019
patted_VERB	1869	1037	1164	0.8908934707903781	1001	1127	0.8881987577639752
patted_VERB	1889	3084	3220	0.9577639751552796	2906	3039	0.9562356038170451
patted_VERB	1909	5720	5821	0.9826490293763958	5101	5201	0.9807729282830225
patted_VERB	1929	7497	7552	0.9927171610169492	6098	6152	0.991222366710013
patted_VERB	1949	10623	10756	0.9876348084789884	8602	8718	0.9866941959164947
patted_VERB	1969	32568	32773	0.9937448509443749	24661	24858	0.9920749859200257
patted_VERB	1989	147653	148478	0.9944436212772263	107584	108366	0.9927837144491815
quitted_VERB	1769	1590	1614	0.9851301115241635	1153	1176	0.9804421768707483
quitted_VERB	1789	6785	6822	0.9945763705658165	4411	4442	0.9930211616389014
quitted_VERB	1809	16693	16847	0.9908589066302605	11145	11294	0.98680715424119
quitted_VERB	1829	26664	27054	0.9855843867819916	16848	17218	0.978510860727146
quitted_VERB	1849	28506	29297	0.9730006485305662	18479	19217	0.9615965030962169
quitted_VERB	1869	24044	25307	0.9500928596830917	16659	17757	0.9381652306132793
quitted_VERB	1889	29566	32888	0.8989905132571151	21616	24533	0.8810989279745649
quitted_VERB	1909	13424	20123	0.6670973512895692	10325	16169	0.6385676294143113
quitted_VERB	1929	6850	16048	0.4268444666001994	5309	13065	0.4063528511289705
quitted_VERB	1949	9477	27214	0.34823987653413685	7429	22342	0.3325127562438457
quitted_VERB	1969	10491	53498	0.19610078881453513	7983	44558	0.1791597468468064
quitted_VERB	1989	36175	166783	0.21689860477386785	25184	136506	0.18449005904502366
thrusted_VERB	1769	0	105	0.0	0	99	0.0
thrusted_VERB	1789	6	300	0.02	6	291	0.020618556701030927
thrusted_VERB	1809	6	1400	0.004285714285714286	6	1331	0.004507888805409466
thrusted_VERB	1829	10	3084	0.00324254215304799	10	2933	0.0034094783498124785
thrusted_VERB	1849	9	5222	0.0017234775947912676	9	4885	0.001842374616171955
thrusted_VERB	1869	3	8930	0.00033594624860022396	3	8038	0.0003732271709380443
thrusted_VERB	1889	5	19180	0.00026068821689259646	5	16983	0.00029441205911794147
thrusted_VERB	1909	10	23324	0.00042874292574172527	10	20054	0.0004986536351850005
thrusted_VERB	1929	10	19310	0.0005178663904712584	10	16099	0.0006211565935772408
thrusted_VERB	1949	15	25570	0.0005866249511145874	12	22005	0.0005453306066803
thrusted_VERB	1969	59	43486	0.0013567584969875362	58	37536	0.0015451832907075874
thrusted_VERB	1989	215	125152	0.0017179110201994375	203	103688	0.001957796466322043
wedded_VERB	1789	112	115	0.9739130434782609	102	104	0.9807692307692307
wedded_VERB	1809	313	335	0.9343283582089552	289	311	0.9292604501607717
wedded_VERB	1829	1033	1096	0.9425182481751825	799	861	0.9279907084785134
wedded_VERB	1849	1539	1675	0.9188059701492537	1392	1526	0.9121887287024901
wedded_VERB	1869	2324	2595	0.8955684007707129	2135	2395	0.8914405010438413
wedded_VERB	1889	4598	5100	0.9015686274509804	3869	4354	0.8886081763895268
wedded_VERB	1909	3803	4438	0.8569175304191077	2691	3266	0.823943661971831
wedded_VERB	1929	1628	2278	0.7146619841966637	1402	1992	0.7038152610441767
wedded_VERB	1949	1976	2936	0.6730245231607629	1802	2698	0.6679021497405485
wedded_VERB	1969	2681	6075	0.44131687242798356	2485	5006	0.49640431482221337
wedded_VERB	1989	6774	18174	0.37273027401782766	6271	15730	0.3986649713922441
wetted_VERB	1789	42	54	0.7777777777777778	42	53	0.7924528301886793
wetted_VERB	1809	93	111	0.8378378378378378	92	110	0.8363636363636363
wetted_VERB	1829	164	212	0.7735849056603774	154	202	0.7623762376237624
wetted_VERB	1849	281	348	0.8074712643678161	278	340	0.8176470588235294
wetted_VERB	1869	311	395	0.7873417721518987	301	385	0.7818181818181819
wetted_VERB	1889	501	689	0.7271407837445574	497	683	0.7276720351390923
wetted_VERB	1909	474	832	0.5697115384615384	464	794	0.5843828715365239
wetted_VERB	1929	557	1415	0.39363957597173144	514	1228	0.4185667752442997
wetted_VERB	1949	693	2057	0.33689839572192515	665	1898	0.35036880927291886
wetted_VERB	1969	964	4141	0.23279401110842793	917	3703	0.24763705103969755
wetted_VERB	1989	2644	14782	0.1788661886077662	2557	12862	0.19880267454517184
