1AddAccentData	1700	311	394	0.7893401015228426
1AddAccentData	1701	2022	2325	0.8696774193548387
1AddAccentData	1702	152	177	0.8587570621468926
1AddAccentData	1703	213	1517	0.14040870138431114
1AddAccentData	1704	350	1831	0.19115237575095576
1AddAccentData	1705	173	2086	0.08293384467881112
1AddAccentData	1707	346	387	0.8940568475452196
1AddAccentData	1708	826	1077	0.7669452181987001
1AddAccentData	1710	120	132	0.9090909090909091
1AddAccentData	1711	823	2130	0.3863849765258216
1AddAccentData	1713	408	435	0.9379310344827586
1AddAccentData	1715	38	59	0.6440677966101694
1AddAccentData	1716	225	659	0.34142640364188165
1AddAccentData	1717	965	3655	0.2640218878248974
1AddAccentData	1718	613	707	0.867043847241867
1AddAccentData	1719	436	481	0.9064449064449065
1AddAccentData	1720	551	605	0.9107438016528926
1AddAccentData	1721	322	346	0.930635838150289
1AddAccentData	1722	78	88	0.8863636363636364
1AddAccentData	1723	962	1357	0.7089167280766396
1AddAccentData	1724	1020	2265	0.4503311258278146
1AddAccentData	1725	1543	1807	0.853901494189264
1AddAccentData	1726	593	5616	0.10559116809116809
1AddAccentData	1727	1136	1337	0.8496634255796559
1AddAccentData	1728	1961	2073	0.9459720212252773
1AddAccentData	1729	250	289	0.8650519031141869
1AddAccentData	1730	1124	4720	0.23813559322033898
1AddAccentData	1731	131	358	0.3659217877094972
1AddAccentData	1732	1141	5906	0.19319336268201828
1AddAccentData	1733	1060	4267	0.2484180923365362
1AddAccentData	1734	3592	5232	0.6865443425076453
1AddAccentData	1735	1134	5650	0.2007079646017699
1AddAccentData	1736	3671	6610	0.5553706505295007
1AddAccentData	1737	1416	3323	0.42612097502256996
1AddAccentData	1738	1161	1887	0.615262321144674
1AddAccentData	1739	1766	1976	0.8937246963562753
1AddAccentData	1740	2890	8814	0.3278874517812571
1AddAccentData	1741	1732	3037	0.570299637800461
1AddAccentData	1742	824	1274	0.6467817896389325
1AddAccentData	1743	1300	2936	0.4427792915531335
1AddAccentData	1744	2148	2756	0.7793904208998549
1AddAccentData	1745	2616	3762	0.6953748006379585
1AddAccentData	1746	1949	3393	0.5744179192455054
1AddAccentData	1747	2323	2532	0.9174565560821485
1AddAccentData	1748	5402	8939	0.6043181563933326
1AddAccentData	1749	624	897	0.6956521739130435
1AddAccentData	1750	4290	5206	0.8240491740299655
1AddAccentData	1751	2413	5338	0.45204196328212815
1AddAccentData	1752	2562	4686	0.5467349551856594
1AddAccentData	1753	2195	3234	0.678726035868893
1AddAccentData	1754	5471	8321	0.6574930897728638
1AddAccentData	1755	5348	5676	0.9422128259337562
1AddAccentData	1756	2251	3350	0.6719402985074627
1AddAccentData	1757	3396	4785	0.709717868338558
1AddAccentData	1758	3691	4679	0.7888437700363325
1AddAccentData	1759	9953	11088	0.8976370851370852
1AddAccentData	1760	6842	9079	0.7536072254653596
1AddAccentData	1761	2482	4297	0.5776122876425414
1AddAccentData	1762	4592	21521	0.21337298452674133
1AddAccentData	1763	7028	8160	0.8612745098039216
1AddAccentData	1764	8345	17846	0.4676117897568082
1AddAccentData	1765	29853	43954	0.6791873322109478
1AddAccentData	1766	7817	22074	0.3541270272719036
1AddAccentData	1767	8505	9518	0.8935700777474259
1AddAccentData	1768	41616	54077	0.7695693178245835
1AddAccentData	1769	24831	47826	0.5191945803537824
1AddAccentData	1770	23447	39235	0.5976041799413788
1AddAccentData	1771	26727	37469	0.7133096693266433
1AddAccentData	1772	28589	38556	0.7414928934536777
1AddAccentData	1773	37535	52609	0.7134710790929308
1AddAccentData	1774	41400	50583	0.818456793784473
1AddAccentData	1775	37327	51309	0.7274942017969557
1AddAccentData	1776	30440	49076	0.620262450077431
1AddAccentData	1777	46549	58935	0.7898362602867566
1AddAccentData	1778	53220	63466	0.8385592285633252
1AddAccentData	1779	51968	72119	0.7205868079146965
1AddAccentData	1780	49735	68398	0.7271411444779087
1AddAccentData	1781	71698	89777	0.7986232553994899
1AddAccentData	1782	41929	46337	0.9048708375596176
1AddAccentData	1783	32812	56757	0.5781137128459926
1AddAccentData	1784	58367	71238	0.8193239563154496
1AddAccentData	1785	57750	72569	0.7957943474486351
1AddAccentData	1786	69377	91372	0.7592807424593968
1AddAccentData	1787	124461	157939	0.7880320883379026
1AddAccentData	1788	97071	161508	0.6010290511925106
1AddAccentData	1789	117949	144390	0.816877900131588
1AddAccentData	1790	98603	119774	0.8232421059662364
1AddAccentData	1791	145908	187061	0.7800022452568948
1AddAccentData	1792	101569	118043	0.8604406868683446
1AddAccentData	1793	96499	114395	0.8435595961361948
1AddAccentData	1794	88542	95893	0.9233416412042589
1AddAccentData	1795	76112	86183	0.8831440075188842
1AddAccentData	1796	125853	170444	0.7383832813123372
1AddAccentData	1797	95286	116625	0.8170289389067524
1AddAccentData	1798	116318	122924	0.9462594774006703
1AddAccentData	1799	88089	92483	0.9524885654660856
1AddAccentData	1800	101915	122637	0.8310297870952486
1AddAccentData	1801	70892	83915	0.8448072454269201
1AddAccentData	1802	98923	109057	0.9070761161594395
1AddAccentData	1803	92183	104655	0.8808274807701495
1AddAccentData	1804	66759	79564	0.8390603790659092
1AddAccentData	1805	80594	118200	0.681844331641286
1AddAccentData	1806	60862	65200	0.9334662576687116
1AddAccentData	1807	117908	144082	0.818339556641357
1AddAccentData	1808	40009	50726	0.7887276741710365
1AddAccentData	1809	12081	17091	0.706863261365631
1AddAccentData	1810	13536	15671	0.8637610873588156
1AddAccentData	1811	20046	25994	0.771177964145572
1AddAccentData	1812	27506	31651	0.8690404726548924
1AddAccentData	1813	74711	84024	0.8891626202037514
1AddAccentData	1814	38950	47795	0.8149388011298253
1AddAccentData	1815	28591	34135	0.8375860553683903
1AddAccentData	1816	31468	38429	0.818860756199745
1AddAccentData	1817	34887	55490	0.6287078752928456
1AddAccentData	1818	48516	72929	0.665249763468579
1AddAccentData	1819	47479	64421	0.7370112230483848
1AddAccentData	1820	93690	117052	0.800413491439702
1AddAccentData	1821	112695	137816	0.8177207290880595
1AddAccentData	1822	106467	116549	0.9134956112879561
1AddAccentData	1823	38966	47536	0.8197155839784585
1AddAccentData	1824	44426	54666	0.8126806424468591
1AddAccentData	1825	50865	59933	0.8486977124455642
1AddAccentData	1826	93447	107616	0.8683374219446922
1AddAccentData	1827	94734	108023	0.8769799024281866
1AddAccentData	1828	97615	111364	0.876539994971445
1AddAccentData	1829	134185	153008	0.8769802886123601
1AddAccentData	1830	110040	120012	0.9169083091690831
1AddAccentData	1831	78079	88570	0.8815513153437958
1AddAccentData	1832	87310	109266	0.7990591766880822
1AddAccentData	1833	66817	92501	0.7223381368850067
1AddAccentData	1834	94134	112212	0.8388942359105978
1AddAccentData	1835	101512	119574	0.848947095522438
1AddAccentData	1836	109638	127798	0.8579007496204949
1AddAccentData	1837	87333	116290	0.7509932066385759
1AddAccentData	1838	83344	93074	0.8954595268281152
1AddAccentData	1839	95308	117622	0.8102905918960739
1AddAccentData	1840	134846	162560	0.8295152559055118
1AddAccentData	1841	141778	168382	0.8420021142402394
1AddAccentData	1842	181986	201046	0.9051958258309044
1AddAccentData	1843	212778	232983	0.913276934368602
1AddAccentData	1844	218635	232703	0.9395452572592532
1AddAccentData	1845	276848	309438	0.8946800328337179
1AddAccentData	1846	236278	260269	0.9078222915522017
1AddAccentData	1847	215392	265053	0.8126374725054989
1AddAccentData	1848	233735	266052	0.8785312645648219
1AddAccentData	1849	179565	214300	0.8379141390573962
1AddAccentData	1850	239171	281014	0.8510999451984599
1AddAccentData	1851	260504	294246	0.8853272431910714
1AddAccentData	1852	238305	288666	0.8255388580574089
1AddAccentData	1853	207977	251330	0.82750566983647
1AddAccentData	1854	204413	240491	0.849981912005023
1AddAccentData	1855	195930	240292	0.8153829507432624
1AddAccentData	1856	263796	302886	0.870941542362473
1AddAccentData	1857	263212	303789	0.8664303184117924
1AddAccentData	1858	248655	306859	0.8103233080991595
1AddAccentData	1859	218732	281059	0.7782422907645725
1AddAccentData	1860	261053	331407	0.7877111829261301
1AddAccentData	1861	281935	392948	0.7174867921455256
1AddAccentData	1862	317134	381758	0.8307199849119076
1AddAccentData	1863	287787	365717	0.7869117377644462
1AddAccentData	1864	338395	402756	0.8401985321137364
1AddAccentData	1865	358159	445152	0.8045768636330961
1AddAccentData	1866	290516	361817	0.8029362909979354
1AddAccentData	1867	315298	385887	0.8170733919515298
1AddAccentData	1868	232889	326446	0.7134074241987955
1AddAccentData	1869	297975	385749	0.7724582565346897
1AddAccentData	1870	289804	434655	0.6667448896251049
1AddAccentData	1871	217712	275030	0.7915936443297095
1AddAccentData	1872	197483	236621	0.8345962530798197
1AddAccentData	1873	200526	250128	0.8016935329111495
1AddAccentData	1874	202986	275008	0.7381094368163835
1AddAccentData	1875	261841	328075	0.7981132363026747
1AddAccentData	1876	245339	327406	0.7493417958131494
1AddAccentData	1877	228791	321857	0.7108467424974445
1AddAccentData	1878	257909	321261	0.8028020830415146
1AddAccentData	1879	218079	312461	0.697939902899882
1AddAccentData	1880	254098	326361	0.7785795484141794
1AddAccentData	1881	286870	346966	0.8267957090896514
1AddAccentData	1882	232488	332877	0.6984201371677827
1AddAccentData	1883	217012	349719	0.6205324846519634
1AddAccentData	1884	208582	381536	0.5466902205820683
1AddAccentData	1885	159011	331764	0.4792894949421878
1AddAccentData	1886	154047	348926	0.441489026326499
1AddAccentData	1887	143730	344110	0.41768620499258957
1AddAccentData	1888	130730	356357	0.36685121942321886
1AddAccentData	1889	129109	407002	0.31721957140259754
1AddAccentData	1890	87645	407751	0.21494735757852218
1AddAccentData	1891	81893	305273	0.26826152329226627
1AddAccentData	1892	80169	365320	0.2194487025073908
1AddAccentData	1893	65808	323604	0.20335966180887752
1AddAccentData	1894	60301	320577	0.18810145456473795
1AddAccentData	1895	63291	343830	0.1840764331210191
1AddAccentData	1896	70429	350969	0.2006701446566506
1AddAccentData	1897	57313	347812	0.16478154865272043
1AddAccentData	1898	44921	328986	0.13654380429562352
1AddAccentData	1899	64281	366811	0.17524283622901168
1AddAccentData	1900	92085	444478	0.20717560824157777
1AddAccentData	1901	40251	402616	0.09997367218391719
1AddAccentData	1902	70504	471267	0.14960521318063857
1AddAccentData	1903	42041	471408	0.08918177035603977
1AddAccentData	1904	37301	452281	0.08247306431178847
1AddAccentData	1905	40112	502050	0.07989642465889851
1AddAccentData	1906	47032	512182	0.09182673346583832
1AddAccentData	1907	45816	553886	0.0827173822772195
1AddAccentData	1908	53005	528989	0.10020057127841978
1AddAccentData	1909	50115	376614	0.1330672784336217
1AddAccentData	1910	45152	592650	0.07618661942124356
1AddAccentData	1911	34057	504765	0.06747100135706716
1AddAccentData	1912	32353	535726	0.06039094611797822
1AddAccentData	1913	28462	517250	0.05502561623972934
1AddAccentData	1914	37249	527031	0.0706770569473143
1AddAccentData	1915	30514	490250	0.062241713411524735
1AddAccentData	1916	27451	562780	0.04877749742350474
1AddAccentData	1917	26740	551699	0.048468458344133304
1AddAccentData	1918	29920	587469	0.05093034696298868
1AddAccentData	1919	25596	586744	0.04362379504519859
1AddAccentData	1920	22103	605409	0.03650920286946511
1AddAccentData	1921	20503	572991	0.035782411940152636
1AddAccentData	1922	18610	556310	0.0334525714080279
1AddAccentData	1923	13588	579045	0.023466224559403847
1AddAccentData	1924	14385	558250	0.025768025078369904
1AddAccentData	1925	15483	593464	0.026089198333850074
1AddAccentData	1926	21064	620664	0.033937847208795745
1AddAccentData	1927	18492	615114	0.030062720081155687
1AddAccentData	1928	24409	706057	0.034570863258915355
1AddAccentData	1929	28021	776150	0.036102557495329514
1AddAccentData	1930	23993	794297	0.030206585194203175
1AddAccentData	1931	16041	651291	0.024629543475957753
1AddAccentData	1932	20702	603771	0.03428783429479058
1AddAccentData	1933	11636	663655	0.01753320625927628
1AddAccentData	1934	17697	703308	0.02516251770205941
1AddAccentData	1935	14089	799561	0.01762091947956441
1AddAccentData	1936	15851	846975	0.01871483810029812
1AddAccentData	1937	18017	830276	0.021700013007722733
1AddAccentData	1938	19228	919544	0.020910364267506504
1AddAccentData	1939	41075	1055610	0.0389111508985326
1AddAccentData	1940	15069	970005	0.015534971469219231
1AddAccentData	1941	18962	1054132	0.01798825953485901
1AddAccentData	1942	33044	1082457	0.03052684771773844
1AddAccentData	1943	26143	1112651	0.02349613670414173
1AddAccentData	1944	24042	1257772	0.019114752117235873
1AddAccentData	1945	39147	1464183	0.0267364120468548
1AddAccentData	1946	32867	1491664	0.022033782406761845
1AddAccentData	1947	24834	1302902	0.01906052795989261
1AddAccentData	1948	22608	1294895	0.01745933067932149
1AddAccentData	1949	26614	1333754	0.0199542044484965
1AddAccentData	1950	30560	1353116	0.022584907724097564
1AddAccentData	1951	28696	1253088	0.022900227278531117
1AddAccentData	1952	26814	1412198	0.01898742244359502
1AddAccentData	1953	25471	1428687	0.01782825769395256
1AddAccentData	1954	27383	1438927	0.01903015232878388
1AddAccentData	1955	25729	1517214	0.016958056015829014
1AddAccentData	1956	21346	1670140	0.012780964470044428
1AddAccentData	1957	30493	1668317	0.018277701420053864
1AddAccentData	1958	27601	1663531	0.01659181584232575
1AddAccentData	1959	29655	1673938	0.017715709900844596
1AddAccentData	1960	51942	2079730	0.024975357378121198
1AddAccentData	1961	39119	1985296	0.019704366502526577
1AddAccentData	1962	37233	2135854	0.017432371313769575
1AddAccentData	1963	25791	2258542	0.011419313875942975
1AddAccentData	1964	49071	2264326	0.02167134944349886
1AddAccentData	1965	36552	2373957	0.01539707753763021
1AddAccentData	1966	59634	2448520	0.02435512064430758
1AddAccentData	1967	36105	2385076	0.015137882398716015
1AddAccentData	1968	45358	2515737	0.018029706602876214
1AddAccentData	1969	37641	2464228	0.01527496643979372
1AddAccentData	1970	33988	2631930	0.012913717310110831
1AddAccentData	1971	57165	2656614	0.0215179924520461
1AddAccentData	1972	53752	2773704	0.019379140672544728
1AddAccentData	1973	52459	3051805	0.017189499329085575
1AddAccentData	1974	50058	3055777	0.016381430974838806
1AddAccentData	1975	47618	3062266	0.015549922834920285
1AddAccentData	1976	36796	3052008	0.01205632488512481
1AddAccentData	1977	41029	3095083	0.013256187313878174
1AddAccentData	1978	51764	3153050	0.016417119931494903
1AddAccentData	1979	56643	3212879	0.01762998233048926
1AddAccentData	1980	58084	3379041	0.017189492521694764
1AddAccentData	1981	56562	3481074	0.016248433673056076
1AddAccentData	1982	51952	3593163	0.014458570345959813
1AddAccentData	1983	77485	3758670	0.02061500477562542
1AddAccentData	1984	52941	3590167	0.014746110696243379
1AddAccentData	1985	66571	3696099	0.018011151757569264
1AddAccentData	1986	50125	3905369	0.01283489473081801
1AddAccentData	1987	56325	3808890	0.014787772815702212
1AddAccentData	1988	45918	4338949	0.010582747112261518
1AddAccentData	1989	48374	4309414	0.01122519210268496
1AddAccentData	1990	38736	4208209	0.00920486601307112
1AddAccentData	1991	46146	4249960	0.010857984545736901
1AddAccentData	1992	44609	4678052	0.00953580678453339
1AddAccentData	1993	37591	4364353	0.008613189629711438
1AddAccentData	1994	45924	4680474	0.009811826750880359
1AddAccentData	1995	49063	4550184	0.010782640877819447
1AddAccentData	1996	47313	4821679	0.009812556995187776
1AddAccentData	1997	44971	5433165	0.008277127604260132
1AddAccentData	1998	47727	5762622	0.008282167388386745
1AddAccentData	1999	45287	5961547	0.007596518152083679
1AddAccentData	2000	47277	6334932	0.007462905679176983
1AddAccentData	2001	43224	6204627	0.0069664139359223365
1AddAccentData	2002	35449	6342844	0.005588817886739765
1AddAccentData	2003	36835	6557816	0.00561696150059715
1AddAccentData	2004	25692	6826907	0.003763344073677875
1AddAccentData	2005	32644	7264165	0.004493840654775876
1AddAccentData	2006	39537	7031588	0.005622769707212653
1AddAccentData	2007	32112	6172953	0.0052020483551389425
1AddAccentData	2008	19209	4628265	0.004150367362283707
1AddAccentData	2009	15858	2675702	0.005926668963883123
